Study Name	Tungsten_Calibration
Sample Name	2025-04-28
Run Name	spot1
Operator	Angus
Date	4/28/2025
Time	6:34 PM
Sign	POS
Grating Spacing	06.40um
Channel	3
Number Traces	10000
Files in Batch	1
Batch Number	1
dt	100.000001E-12
time stamp (ms)	6:34:39 PM
	
Time	Amplitude
0.000000E+0	-3.290568E-3
1.000000E-10	-3.381354E-3
2.000000E-10	-3.456724E-3
3.000000E-10	-3.532094E-3
4.000000E-10	-3.580056E-3
5.000000E-10	-3.597186E-3
6.000000E-10	-3.619454E-3
7.000000E-10	-3.607463E-3
8.000000E-10	-3.605750E-3
9.000000E-10	-3.597186E-3
1.000000E-9	-3.550936E-3
1.100000E-9	-3.477279E-3
1.200000E-9	-3.432742E-3
1.300000E-9	-3.401909E-3
1.400000E-9	-3.425891E-3
1.500000E-9	-3.494409E-3
1.600000E-9	-3.580056E-3
1.700000E-9	-3.663991E-3
1.800000E-9	-3.698250E-3
1.900000E-9	-3.703389E-3
2.000000E-9	-3.686259E-3
2.100000E-9	-3.626306E-3
2.200000E-9	-3.602325E-3
2.300000E-9	-3.566353E-3
2.400000E-9	-3.545797E-3
2.500000E-9	-3.525242E-3
2.600000E-9	-3.525242E-3
2.700000E-9	-3.545797E-3
2.800000E-9	-3.592047E-3
2.900000E-9	-3.663991E-3
3.000000E-9	-3.777045E-3
3.100000E-9	-3.898665E-3
3.200000E-9	-3.992877E-3
3.300000E-9	-4.023710E-3
3.400000E-9	-3.986025E-3
3.500000E-9	-3.924359E-3
3.600000E-9	-3.826721E-3
3.700000E-9	-3.706815E-3
3.800000E-9	-3.564640E-3
3.900000E-9	-3.458437E-3
4.000000E-9	-3.381354E-3
4.100000E-9	-3.365937E-3
4.200000E-9	-3.395058E-3
4.300000E-9	-3.412187E-3
4.400000E-9	-3.448159E-3
4.500000E-9	-3.458437E-3
4.600000E-9	-3.431030E-3
4.700000E-9	-3.374502E-3
4.800000E-9	-3.357373E-3
4.900000E-9	-3.377928E-3
5.000000E-9	-3.408761E-3
5.100000E-9	-3.472140E-3
5.200000E-9	-3.554362E-3
5.300000E-9	-3.655426E-3
5.400000E-9	-3.741074E-3
5.500000E-9	-3.778758E-3
5.600000E-9	-3.799314E-3
5.700000E-9	-3.771907E-3
5.800000E-9	-3.687972E-3
5.900000E-9	-3.598899E-3
6.000000E-9	-3.516677E-3
6.100000E-9	-3.480705E-3
6.200000E-9	-3.509825E-3
6.300000E-9	-3.581769E-3
6.400000E-9	-3.658852E-3
6.500000E-9	-3.701676E-3
6.600000E-9	-3.723944E-3
6.700000E-9	-3.679407E-3
6.800000E-9	-3.602325E-3
6.900000E-9	-3.525242E-3
7.000000E-9	-3.451585E-3
7.100000E-9	-3.393345E-3
7.200000E-9	-3.364224E-3
7.300000E-9	-3.359086E-3
7.400000E-9	-3.388206E-3
7.500000E-9	-3.461863E-3
7.600000E-9	-3.525242E-3
7.700000E-9	-3.571491E-3
7.800000E-9	-3.592047E-3
7.900000E-9	-3.605750E-3
8.000000E-9	-3.626306E-3
8.100000E-9	-3.640009E-3
8.200000E-9	-3.670843E-3
8.300000E-9	-3.689685E-3
8.400000E-9	-3.729083E-3
8.500000E-9	-3.763342E-3
8.600000E-9	-3.775333E-3
8.700000E-9	-3.802740E-3
8.800000E-9	-3.836999E-3
8.900000E-9	-3.879822E-3
9.000000E-9	-3.900378E-3
9.100000E-9	-3.859267E-3
9.200000E-9	-3.782184E-3
9.300000E-9	-3.687972E-3
9.400000E-9	-3.612602E-3
9.500000E-9	-3.598899E-3
9.600000E-9	-3.643435E-3
9.700000E-9	-3.693111E-3
9.800000E-9	-3.723944E-3
9.900000E-9	-3.711953E-3
1.000000E-8	-3.658852E-3
1.010000E-8	-3.566353E-3
1.020000E-8	-3.441307E-3
1.030000E-8	-3.343669E-3
1.040000E-8	-3.283716E-3
1.050000E-8	-3.270012E-3
1.060000E-8	-3.288855E-3
1.070000E-8	-3.307697E-3
1.080000E-8	-3.288855E-3
1.090000E-8	-3.247744E-3
1.100000E-8	-3.225476E-3
1.110000E-8	-3.258022E-3
1.120000E-8	-3.295706E-3
1.130000E-8	-3.376215E-3
1.140000E-8	-3.473853E-3
1.150000E-8	-3.604038E-3
1.160000E-8	-3.737648E-3
1.170000E-8	-3.902091E-3
1.180000E-8	-3.982599E-3
1.190000E-8	-4.049405E-3
1.200000E-8	-4.088802E-3
1.210000E-8	-4.093941E-3
1.220000E-8	-4.093941E-3
1.230000E-8	-4.066534E-3
1.240000E-8	-3.989451E-3
1.250000E-8	-3.874684E-3
1.260000E-8	-3.735935E-3
1.270000E-8	-3.592047E-3
1.280000E-8	-3.472140E-3
1.290000E-8	-3.393345E-3
1.300000E-8	-3.365937E-3
1.310000E-8	-3.386493E-3
1.320000E-8	-3.460150E-3
1.330000E-8	-3.566353E-3
1.340000E-8	-3.655426E-3
1.350000E-8	-3.715379E-3
1.360000E-8	-3.734222E-3
1.370000E-8	-3.723944E-3
1.380000E-8	-3.696537E-3
1.390000E-8	-3.624593E-3
1.400000E-8	-3.557788E-3
1.410000E-8	-3.552649E-3
1.420000E-8	-3.552649E-3
1.430000E-8	-3.530381E-3
1.440000E-8	-3.465289E-3
1.450000E-8	-3.389919E-3
1.460000E-8	-3.319688E-3
1.470000E-8	-3.299132E-3
1.480000E-8	-3.288855E-3
1.490000E-8	-3.324827E-3
1.500000E-8	-3.395058E-3
1.510000E-8	-3.424178E-3
1.520000E-8	-3.413900E-3
1.530000E-8	-3.343669E-3
1.540000E-8	-3.256309E-3
1.550000E-8	-3.201494E-3
1.560000E-8	-3.201494E-3
1.570000E-8	-3.273438E-3
1.580000E-8	-3.379641E-3
1.590000E-8	-3.521816E-3
1.600000E-8	-3.648574E-3
1.610000E-8	-3.747925E-3
1.620000E-8	-3.766768E-3
1.630000E-8	-3.675981E-3
1.640000E-8	-3.562927E-3
1.650000E-8	-3.460150E-3
1.660000E-8	-3.376215E-3
1.670000E-8	-3.362512E-3
1.680000E-8	-3.369363E-3
1.690000E-8	-3.379641E-3
1.700000E-8	-3.408761E-3
1.710000E-8	-3.453298E-3
1.720000E-8	-3.487557E-3
1.730000E-8	-3.537232E-3
1.740000E-8	-3.600612E-3
1.750000E-8	-3.658852E-3
1.760000E-8	-3.694824E-3
1.770000E-8	-3.660565E-3
1.780000E-8	-3.588621E-3
1.790000E-8	-3.485844E-3
1.800000E-8	-3.410474E-3
1.810000E-8	-3.336817E-3
1.820000E-8	-3.295706E-3
1.830000E-8	-3.273438E-3
1.840000E-8	-3.314549E-3
1.850000E-8	-3.396771E-3
1.860000E-8	-3.501260E-3
1.870000E-8	-3.588621E-3
1.880000E-8	-3.634871E-3
1.890000E-8	-3.633158E-3
1.900000E-8	-3.562927E-3
1.910000E-8	-3.513251E-3
1.920000E-8	-3.448159E-3
1.930000E-8	-3.419039E-3
1.940000E-8	-3.405335E-3
1.950000E-8	-3.391632E-3
1.960000E-8	-3.353947E-3
1.970000E-8	-3.283716E-3
1.980000E-8	-3.208346E-3
1.990000E-8	-3.160383E-3
2.000000E-8	-3.179226E-3
2.010000E-8	-3.244318E-3
2.020000E-8	-3.355660E-3
2.030000E-8	-3.538945E-3
2.040000E-8	-3.705102E-3
2.050000E-8	-3.809592E-3
2.060000E-8	-3.838712E-3
2.070000E-8	-3.828434E-3
2.080000E-8	-3.744499E-3
2.090000E-8	-3.610889E-3
2.100000E-8	-3.472140E-3
2.110000E-8	-3.316262E-3
2.120000E-8	-3.191217E-3
2.130000E-8	-3.129550E-3
2.140000E-8	-3.129550E-3
2.150000E-8	-3.196355E-3
2.160000E-8	-3.288855E-3
2.170000E-8	-3.345382E-3
2.180000E-8	-3.353947E-3
2.190000E-8	-3.326540E-3
2.200000E-8	-3.275151E-3
2.210000E-8	-3.263160E-3
2.220000E-8	-3.319688E-3
2.230000E-8	-3.463576E-3
2.240000E-8	-3.629732E-3
2.250000E-8	-3.806166E-3
2.260000E-8	-3.864406E-3
2.270000E-8	-3.847276E-3
2.280000E-8	-3.711953E-3
2.290000E-8	-3.494409E-3
2.300000E-8	-3.227188E-3
2.310000E-8	-3.007931E-3
2.320000E-8	-2.894876E-3
2.330000E-8	-2.888024E-3
2.340000E-8	-2.965107E-3
2.350000E-8	-3.055893E-3
2.360000E-8	-3.162096E-3
2.370000E-8	-3.228901E-3
2.380000E-8	-3.292281E-3
2.390000E-8	-3.367650E-3
2.400000E-8	-3.463576E-3
2.410000E-8	-3.609176E-3
2.420000E-8	-3.735935E-3
2.430000E-8	-3.831860E-3
2.440000E-8	-3.777045E-3
2.450000E-8	-3.545797E-3
2.460000E-8	-3.021634E-3
2.470000E-8	-2.040114E-3
2.480000E-8	-5.395699E-4
2.490000E-8	1.548516E-3
2.500000E-8	4.256690E-3
2.510000E-8	7.507869E-3
2.520000E-8	1.111192E-2
2.530000E-8	1.485643E-2
2.540000E-8	1.851015E-2
2.550000E-8	2.185211E-2
2.560000E-8	2.470760E-2
2.570000E-8	2.705092E-2
2.580000E-8	2.875188E-2
2.590000E-8	2.973511E-2
2.600000E-8	2.996807E-2
2.610000E-8	2.939595E-2
2.620000E-8	2.804100E-2
2.630000E-8	2.585870E-2
2.640000E-8	2.298437E-2
2.650000E-8	1.961329E-2
2.660000E-8	1.604864E-2
2.670000E-8	1.262616E-2
2.680000E-8	9.705584E-3
2.690000E-8	7.608934E-3
2.700000E-8	6.396165E-3
2.710000E-8	6.103250E-3
2.720000E-8	6.586302E-3
2.730000E-8	7.680877E-3
2.740000E-8	9.212255E-3
2.750000E-8	1.100743E-2
2.760000E-8	1.293963E-2
2.770000E-8	1.496434E-2
2.780000E-8	1.695136E-2
2.790000E-8	1.883218E-2
2.800000E-8	2.050231E-2
2.810000E-8	2.192063E-2
2.820000E-8	2.297067E-2
2.830000E-8	2.364215E-2
2.840000E-8	2.379117E-2
2.850000E-8	2.338178E-2
2.860000E-8	2.229919E-2
2.870000E-8	2.062222E-2
2.880000E-8	1.842279E-2
2.890000E-8	1.583281E-2
2.900000E-8	1.292764E-2
2.910000E-8	9.971092E-3
2.920000E-8	7.262918E-3
2.930000E-8	5.013814E-3
2.940000E-8	3.432761E-3
2.950000E-8	2.636240E-3
2.960000E-8	2.653369E-3
2.970000E-8	3.384799E-3
2.980000E-8	4.738029E-3
2.990000E-8	6.557182E-3
3.000000E-8	8.684666E-3
3.010000E-8	1.097488E-2
3.020000E-8	1.323597E-2
3.030000E-8	1.535489E-2
3.040000E-8	1.720317E-2
3.050000E-8	1.865232E-2
3.060000E-8	1.961843E-2
3.070000E-8	2.012717E-2
3.080000E-8	2.007407E-2
3.090000E-8	1.945570E-2
3.100000E-8	1.833543E-2
3.110000E-8	1.670641E-2
3.120000E-8	1.461661E-2
3.130000E-8	1.219107E-2
3.140000E-8	9.532576E-3
3.150000E-8	6.834680E-3
3.160000E-8	4.330347E-3
3.170000E-8	2.180595E-3
3.180000E-8	5.669959E-4
3.190000E-8	-3.614231E-4
3.200000E-8	-5.823936E-4
3.210000E-8	-9.420285E-5
3.220000E-8	1.017502E-3
3.230000E-8	2.673924E-3
3.240000E-8	4.762011E-3
3.250000E-8	7.117317E-3
3.260000E-8	9.553132E-3
3.270000E-8	1.191872E-2
3.280000E-8	1.400851E-2
3.290000E-8	1.564781E-2
3.300000E-8	1.680576E-2
3.310000E-8	1.745154E-2
3.320000E-8	1.746011E-2
3.330000E-8	1.687085E-2
3.340000E-8	1.567693E-2
3.350000E-8	1.391259E-2
3.360000E-8	1.162238E-2
3.370000E-8	9.008414E-3
3.380000E-8	6.238573E-3
3.390000E-8	3.583501E-3
3.400000E-8	1.199074E-3
3.410000E-8	-8.136419E-4
3.420000E-8	-2.336454E-3
3.430000E-8	-3.220337E-3
3.440000E-8	-3.441307E-3
3.450000E-8	-2.941126E-3
3.460000E-8	-1.707802E-3
3.470000E-8	2.021375E-4
3.480000E-8	2.605406E-3
3.490000E-8	5.239924E-3
3.500000E-8	7.893283E-3
3.510000E-8	1.031539E-2
3.520000E-8	1.232640E-2
3.530000E-8	1.382694E-2
3.540000E-8	1.477078E-2
3.550000E-8	1.521443E-2
3.560000E-8	1.510994E-2
3.570000E-8	1.446245E-2
3.580000E-8	1.322912E-2
3.590000E-8	1.149219E-2
3.600000E-8	9.299615E-3
3.610000E-8	6.846671E-3
3.620000E-8	4.213867E-3
3.630000E-8	1.557081E-3
3.640000E-8	-8.941505E-4
3.650000E-8	-2.939413E-3
3.660000E-8	-4.398846E-3
3.670000E-8	-5.171387E-3
3.680000E-8	-5.166248E-3
3.690000E-8	-4.426254E-3
3.700000E-8	-3.062745E-3
3.710000E-8	-1.175074E-3
3.720000E-8	1.007224E-3
3.730000E-8	3.393363E-3
3.740000E-8	5.764086E-3
3.750000E-8	8.045736E-3
3.760000E-8	1.007901E-2
3.770000E-8	1.171659E-2
3.780000E-8	1.282658E-2
3.790000E-8	1.332505E-2
3.800000E-8	1.317945E-2
3.810000E-8	1.239492E-2
3.820000E-8	1.097488E-2
3.830000E-8	9.034108E-3
3.840000E-8	6.702783E-3
3.850000E-8	4.164191E-3
3.860000E-8	1.572498E-3
3.870000E-8	-8.941505E-4
3.880000E-8	-3.033625E-3
3.890000E-8	-4.741436E-3
3.900000E-8	-5.909668E-3
3.910000E-8	-6.492071E-3
3.920000E-8	-6.493784E-3
3.930000E-8	-5.909668E-3
3.940000E-8	-4.763705E-3
3.950000E-8	-3.132976E-3
3.960000E-8	-1.087714E-3
3.970000E-8	1.236759E-3
3.980000E-8	3.669148E-3
3.990000E-8	5.990196E-3
4.000000E-8	8.011477E-3
4.010000E-8	9.590817E-3
4.020000E-8	1.064771E-2
4.030000E-8	1.109479E-2
4.040000E-8	1.088581E-2
4.050000E-8	1.005503E-2
4.060000E-8	8.640129E-3
4.070000E-8	6.721625E-3
4.080000E-8	4.398865E-3
4.090000E-8	1.901384E-3
4.100000E-8	-6.183656E-4
4.110000E-8	-2.961681E-3
4.120000E-8	-4.977823E-3
4.130000E-8	-6.536608E-3
4.140000E-8	-7.581508E-3
4.150000E-8	-8.038865E-3
4.160000E-8	-7.881274E-3
4.170000E-8	-7.093317E-3
4.180000E-8	-5.767493E-3
4.190000E-8	-3.972322E-3
4.200000E-8	-1.836273E-3
4.210000E-8	5.087556E-4
4.220000E-8	2.918876E-3
4.230000E-8	5.239924E-3
4.240000E-8	7.286899E-3
4.250000E-8	8.864526E-3
4.260000E-8	9.806648E-3
4.270000E-8	1.004646E-2
4.280000E-8	9.551419E-3
4.290000E-8	8.388326E-3
4.300000E-8	6.677089E-3
4.310000E-8	4.624975E-3
4.320000E-8	2.353603E-3
4.330000E-8	2.227776E-5
4.340000E-8	-2.288492E-3
4.350000E-8	-4.421115E-3
4.360000E-8	-6.308786E-3
4.370000E-8	-7.805904E-3
4.380000E-8	-8.819970E-3
4.390000E-8	-9.210523E-3
4.400000E-8	-8.938164E-3
4.410000E-8	-8.013171E-3
4.420000E-8	-6.541747E-3
4.430000E-8	-4.654076E-3
4.440000E-8	-2.506037E-3
4.450000E-8	-2.877662E-4
4.460000E-8	1.903097E-3
4.470000E-8	3.932943E-3
4.480000E-8	5.690429E-3
4.490000E-8	7.064215E-3
4.500000E-8	7.960088E-3
4.510000E-8	8.258142E-3
4.520000E-8	7.906987E-3
4.530000E-8	6.951161E-3
4.540000E-8	5.455755E-3
4.550000E-8	3.550955E-3
4.560000E-8	1.387499E-3
4.570000E-8	-8.684563E-4
4.580000E-8	-3.071310E-3
4.590000E-8	-5.102869E-3
4.600000E-8	-6.844939E-3
4.610000E-8	-8.198170E-3
4.620000E-8	-9.058070E-3
4.630000E-8	-9.338994E-3
4.640000E-8	-9.023811E-3
4.650000E-8	-8.151920E-3
4.660000E-8	-6.778134E-3
4.670000E-8	-5.017221E-3
4.680000E-8	-2.961681E-3
4.690000E-8	-7.536886E-4
4.700000E-8	1.457730E-3
4.710000E-8	3.473872E-3
4.720000E-8	5.167980E-3
4.730000E-8	6.368758E-3
4.740000E-8	7.011114E-3
4.750000E-8	7.124169E-3
4.760000E-8	6.695931E-3
4.770000E-8	5.745244E-3
4.780000E-8	4.335486E-3
4.790000E-8	2.512907E-3
4.800000E-8	4.573671E-4
4.810000E-8	-1.723218E-3
4.820000E-8	-3.823295E-3
4.830000E-8	-5.676707E-3
4.840000E-8	-7.166974E-3
4.850000E-8	-8.249558E-3
4.860000E-8	-8.861081E-3
4.870000E-8	-8.972423E-3
4.880000E-8	-8.549324E-3
4.890000E-8	-7.638035E-3
4.900000E-8	-6.284804E-3
4.910000E-8	-4.573567E-3
4.920000E-8	-2.603675E-3
4.930000E-8	-5.190145E-4
4.940000E-8	1.497128E-3
4.950000E-8	3.266605E-3
4.960000E-8	4.707196E-3
4.970000E-8	5.712698E-3
4.980000E-8	6.170055E-3
4.990000E-8	6.120380E-3
5.000000E-8	5.556819E-3
5.010000E-8	4.527336E-3
5.020000E-8	3.103875E-3
5.030000E-8	1.351527E-3
5.040000E-8	-6.217915E-4
5.050000E-8	-2.697887E-3
5.060000E-8	-4.734585E-3
5.070000E-8	-6.587996E-3
5.080000E-8	-8.078263E-3
5.090000E-8	-9.092329E-3
5.100000E-8	-9.515428E-3
5.110000E-8	-9.395522E-3
5.120000E-8	-8.746314E-3
5.130000E-8	-7.656877E-3
5.140000E-8	-6.180314E-3
5.150000E-8	-4.463938E-3
5.160000E-8	-2.577980E-3
5.170000E-8	-6.731800E-4
5.180000E-8	1.132269E-3
5.190000E-8	2.721887E-3
5.200000E-8	3.979192E-3
5.210000E-8	4.883630E-3
5.220000E-8	5.376960E-3
5.230000E-8	5.467746E-3
5.240000E-8	5.120017E-3
5.250000E-8	4.284097E-3
5.260000E-8	2.954848E-3
5.270000E-8	1.212778E-3
5.280000E-8	-7.810958E-4
5.290000E-8	-2.804090E-3
5.300000E-8	-4.707177E-3
5.310000E-8	-6.356748E-3
5.320000E-8	-7.603776E-3
5.330000E-8	-8.355761E-3
5.340000E-8	-8.616129E-3
5.350000E-8	-8.419140E-3
5.360000E-8	-7.823033E-3
5.370000E-8	-6.932299E-3
5.380000E-8	-5.717818E-3
5.390000E-8	-4.301208E-3
5.400000E-8	-2.641360E-3
5.410000E-8	-8.239196E-4
5.420000E-8	1.010650E-3
5.430000E-8	2.711609E-3
5.440000E-8	4.081969E-3
5.450000E-8	4.969278E-3
5.460000E-8	5.337562E-3
5.470000E-8	5.219368E-3
5.480000E-8	4.640391E-3
5.490000E-8	3.653732E-3
5.500000E-8	2.327909E-3
5.510000E-8	7.365779E-4
5.520000E-8	-1.043177E-3
5.530000E-8	-2.891450E-3
5.540000E-8	-4.657502E-3
5.550000E-8	-6.175176E-3
5.560000E-8	-7.360537E-3
5.570000E-8	-8.091967E-3
5.580000E-8	-8.403724E-3
5.590000E-8	-8.266688E-3
5.600000E-8	-7.684285E-3
5.610000E-8	-6.695912E-3
5.620000E-8	-5.373515E-3
5.630000E-8	-3.828434E-3
5.640000E-8	-2.185715E-3
5.650000E-8	-5.344310E-4
5.660000E-8	1.041483E-3
5.670000E-8	2.411843E-3
5.680000E-8	3.501279E-3
5.690000E-8	4.229283E-3
5.700000E-8	4.544466E-3
5.710000E-8	4.463957E-3
5.720000E-8	3.948359E-3
5.730000E-8	3.055912E-3
5.740000E-8	1.839718E-3
5.750000E-8	3.974138E-4
5.760000E-8	-1.226463E-3
5.770000E-8	-2.927422E-3
5.780000E-8	-4.578706E-3
5.790000E-8	-6.029575E-3
5.800000E-8	-7.154983E-3
5.810000E-8	-7.867570E-3
5.820000E-8	-8.103957E-3
5.830000E-8	-7.924098E-3
5.840000E-8	-7.341695E-3
5.850000E-8	-6.497210E-3
5.860000E-8	-5.380367E-3
5.870000E-8	-4.092228E-3
5.880000E-8	-2.636221E-3
5.890000E-8	-1.115121E-3
5.900000E-8	3.734325E-4
5.910000E-8	1.690691E-3
5.920000E-8	2.715035E-3
5.930000E-8	3.357392E-3
5.940000E-8	3.556094E-3
5.950000E-8	3.324845E-3
5.960000E-8	2.704758E-3
5.970000E-8	1.755783E-3
5.980000E-8	5.875513E-4
5.990000E-8	-7.759570E-4
6.000000E-8	-2.257659E-3
6.010000E-8	-3.749638E-3
6.020000E-8	-5.179952E-3
6.030000E-8	-6.404711E-3
6.040000E-8	-7.321139E-3
6.050000E-8	-7.881274E-3
6.060000E-8	-8.042291E-3
6.070000E-8	-7.852154E-3
6.080000E-8	-7.360537E-3
6.090000E-8	-6.558876E-3
6.100000E-8	-5.512264E-3
6.110000E-8	-4.272088E-3
6.120000E-8	-2.901728E-3
6.130000E-8	-1.519377E-3
6.140000E-8	-2.380907E-4
6.150000E-8	7.845405E-4
6.160000E-8	1.546803E-3
6.170000E-8	1.988744E-3
6.180000E-8	2.142910E-3
6.190000E-8	1.997309E-3
6.200000E-8	1.533100E-3
6.210000E-8	7.245873E-4
6.220000E-8	-4.196634E-4
6.230000E-8	-1.796875E-3
6.240000E-8	-3.295706E-3
6.250000E-8	-4.741436E-3
6.260000E-8	-6.019297E-3
6.270000E-8	-7.086465E-3
6.280000E-8	-7.857292E-3
6.290000E-8	-8.311224E-3
6.300000E-8	-8.420853E-3
6.310000E-8	-8.193031E-3
6.320000E-8	-7.658590E-3
6.330000E-8	-6.868920E-3
6.340000E-8	-5.882261E-3
6.350000E-8	-4.801390E-3
6.360000E-8	-3.641722E-3
6.370000E-8	-2.459787E-3
6.380000E-8	-1.342943E-3
6.390000E-8	-3.665619E-4
6.400000E-8	4.059786E-4
6.410000E-8	8.753269E-4
6.420000E-8	9.729650E-4
6.430000E-8	7.434297E-4
6.440000E-8	1.524620E-4
6.450000E-8	-7.228555E-4
6.460000E-8	-1.793449E-3
6.470000E-8	-3.001079E-3
6.480000E-8	-4.234403E-3
6.490000E-8	-5.459162E-3
6.500000E-8	-6.593135E-3
6.510000E-8	-7.571230E-3
6.520000E-8	-8.359187E-3
6.530000E-8	-8.917609E-3
6.540000E-8	-9.217375E-3
6.550000E-8	-9.157422E-3
6.560000E-8	-8.736036E-3
6.570000E-8	-7.917246E-3
6.580000E-8	-6.802115E-3
6.590000E-8	-5.527680E-3
6.600000E-8	-4.230977E-3
6.610000E-8	-3.004505E-3
6.620000E-8	-1.954467E-3
6.630000E-8	-1.113408E-3
6.640000E-8	-5.018850E-4
6.650000E-8	-1.164712E-4
6.660000E-8	-3.424959E-5
6.670000E-8	-2.586461E-4
6.680000E-8	-7.862347E-4
6.690000E-8	-1.630719E-3
6.700000E-8	-2.708165E-3
6.710000E-8	-3.932924E-3
6.720000E-8	-5.154257E-3
6.730000E-8	-6.291656E-3
6.740000E-8	-7.288593E-3
6.750000E-8	-8.086828E-3
6.760000E-8	-8.653814E-3
6.770000E-8	-8.986127E-3
6.780000E-8	-9.039228E-3
6.790000E-8	-8.806267E-3
6.800000E-8	-8.287243E-3
6.810000E-8	-7.487295E-3
6.820000E-8	-6.469803E-3
6.830000E-8	-5.298145E-3
6.840000E-8	-4.128200E-3
6.850000E-8	-3.062745E-3
6.860000E-8	-2.173724E-3
6.870000E-8	-1.490257E-3
6.880000E-8	-1.015770E-3
6.890000E-8	-7.451239E-4
6.900000E-8	-7.057260E-4
6.910000E-8	-8.855858E-4
6.920000E-8	-1.336092E-3
6.930000E-8	-2.064095E-3
6.940000E-8	-3.004505E-3
6.950000E-8	-4.109358E-3
6.960000E-8	-5.281016E-3
6.970000E-8	-6.402998E-3
6.980000E-8	-7.394796E-3
6.990000E-8	-8.153633E-3
7.000000E-8	-8.648675E-3
7.010000E-8	-8.862794E-3
7.020000E-8	-8.842239E-3
7.030000E-8	-8.604139E-3
7.040000E-8	-8.151920E-3
7.050000E-8	-7.523267E-3
7.060000E-8	-6.733597E-3
7.070000E-8	-5.789762E-3
7.080000E-8	-4.761992E-3
7.090000E-8	-3.698250E-3
7.100000E-8	-2.706452E-3
7.110000E-8	-1.879097E-3
7.120000E-8	-1.286416E-3
7.130000E-8	-9.592426E-4
7.140000E-8	-9.027153E-4
7.150000E-8	-1.140815E-3
7.160000E-8	-1.676969E-3
7.170000E-8	-2.461500E-3
7.180000E-8	-3.460150E-3
7.190000E-8	-4.583845E-3
7.200000E-8	-5.712679E-3
7.210000E-8	-6.723320E-3
7.220000E-8	-7.504425E-3
7.230000E-8	-8.026875E-3
7.240000E-8	-8.295808E-3
7.250000E-8	-8.366039E-3
7.260000E-8	-8.246132E-3
7.270000E-8	-7.973773E-3
7.280000E-8	-7.543823E-3
7.290000E-8	-6.954568E-3
7.300000E-8	-6.206009E-3
7.310000E-8	-5.358098E-3
7.320000E-8	-4.455374E-3
7.330000E-8	-3.561214E-3
7.340000E-8	-2.771544E-3
7.350000E-8	-2.153169E-3
7.360000E-8	-1.767755E-3
7.370000E-8	-1.630719E-3
7.380000E-8	-1.726644E-3
7.390000E-8	-2.036688E-3
7.400000E-8	-2.511175E-3
7.410000E-8	-3.088440E-3
7.420000E-8	-3.725657E-3
7.430000E-8	-4.385143E-3
7.440000E-8	-5.024073E-3
7.450000E-8	-5.645874E-3
7.460000E-8	-6.152907E-3
7.470000E-8	-6.567441E-3
7.480000E-8	-6.863781E-3
7.490000E-8	-7.026512E-3
7.500000E-8	-7.038502E-3
7.510000E-8	-6.920309E-3
7.520000E-8	-6.651376E-3
7.530000E-8	-6.209435E-3
7.540000E-8	-5.615041E-3
7.550000E-8	-4.864769E-3
7.560000E-8	-4.037414E-3
7.570000E-8	-3.204920E-3
7.580000E-8	-2.463213E-3
7.590000E-8	-1.882523E-3
7.600000E-8	-1.481692E-3
7.610000E-8	-1.313823E-3
7.620000E-8	-1.382341E-3
7.630000E-8	-1.637571E-3
7.640000E-8	-2.089790E-3
7.650000E-8	-2.672193E-3
7.660000E-8	-3.336817E-3
7.670000E-8	-4.015146E-3
7.680000E-8	-4.657502E-3
7.690000E-8	-5.198794E-3
7.700000E-8	-5.657865E-3
7.710000E-8	-6.029575E-3
7.720000E-8	-6.276240E-3
7.730000E-8	-6.416701E-3
7.740000E-8	-6.404711E-3
7.750000E-8	-6.255684E-3
7.760000E-8	-5.935363E-3
7.770000E-8	-5.505412E-3
7.780000E-8	-4.955555E-3
7.790000E-8	-4.332041E-3
7.800000E-8	-3.667417E-3
7.810000E-8	-3.007931E-3
7.820000E-8	-2.427241E-3
7.830000E-8	-1.973309E-3
7.840000E-8	-1.644423E-3
7.850000E-8	-1.485118E-3
7.860000E-8	-1.495396E-3
7.870000E-8	-1.647849E-3
7.880000E-8	-1.947615E-3
7.890000E-8	-2.404972E-3
7.900000E-8	-2.992514E-3
7.910000E-8	-3.684546E-3
7.920000E-8	-4.417689E-3
7.930000E-8	-5.078887E-3
7.940000E-8	-5.639022E-3
7.950000E-8	-6.036427E-3
7.960000E-8	-6.226564E-3
7.970000E-8	-6.199157E-3
7.980000E-8	-5.979899E-3
7.990000E-8	-5.616754E-3
8.000000E-8	-5.140554E-3
8.010000E-8	-4.628382E-3
8.020000E-8	-4.128200E-3
8.030000E-8	-3.658852E-3
8.040000E-8	-3.215198E-3
8.050000E-8	-2.792099E-3
8.060000E-8	-2.374139E-3
8.070000E-8	-2.005855E-3
8.080000E-8	-1.707802E-3
8.090000E-8	-1.515951E-3
8.100000E-8	-1.510813E-3
8.110000E-8	-1.682108E-3
8.120000E-8	-2.055531E-3
8.130000E-8	-2.572842E-3
8.140000E-8	-3.199781E-3
8.150000E-8	-3.872971E-3
8.160000E-8	-4.527318E-3
8.170000E-8	-5.084026E-3
8.180000E-8	-5.541384E-3
8.190000E-8	-5.880548E-3
8.200000E-8	-6.046704E-3
8.210000E-8	-6.050130E-3
8.220000E-8	-5.873696E-3
8.230000E-8	-5.525967E-3
8.240000E-8	-5.111434E-3
8.250000E-8	-4.678057E-3
8.260000E-8	-4.256671E-3
8.270000E-8	-3.860980E-3
8.280000E-8	-3.455011E-3
8.290000E-8	-3.033625E-3
8.300000E-8	-2.622517E-3
8.310000E-8	-2.291918E-3
8.320000E-8	-2.106919E-3
8.330000E-8	-2.091503E-3
8.340000E-8	-2.238816E-3
8.350000E-8	-2.523166E-3
8.360000E-8	-2.912006E-3
8.370000E-8	-3.377928E-3
8.380000E-8	-3.884961E-3
8.390000E-8	-4.397133E-3
8.400000E-8	-4.878472E-3
8.410000E-8	-5.275877E-3
8.420000E-8	-5.570504E-3
8.430000E-8	-5.734947E-3
8.440000E-8	-5.791475E-3
8.450000E-8	-5.803465E-3
8.460000E-8	-5.741799E-3
8.470000E-8	-5.601337E-3
8.480000E-8	-5.359811E-3
8.490000E-8	-5.024073E-3
8.500000E-8	-4.606113E-3
8.510000E-8	-4.181302E-3
8.520000E-8	-3.785610E-3
8.530000E-8	-3.467001E-3
8.540000E-8	-3.240892E-3
8.550000E-8	-3.045616E-3
8.560000E-8	-2.910293E-3
8.570000E-8	-2.840062E-3
8.580000E-8	-2.850339E-3
8.590000E-8	-2.965107E-3
8.600000E-8	-3.216911E-3
8.610000E-8	-3.573204E-3
8.620000E-8	-4.011720E-3
8.630000E-8	-4.482781E-3
8.640000E-8	-4.917870E-3
8.650000E-8	-5.294719E-3
8.660000E-8	-5.582495E-3
8.670000E-8	-5.760642E-3
8.680000E-8	-5.842863E-3
8.690000E-8	-5.834298E-3
8.700000E-8	-5.734947E-3
8.710000E-8	-5.565365E-3
8.720000E-8	-5.349534E-3
8.730000E-8	-5.113146E-3
8.740000E-8	-4.828797E-3
8.750000E-8	-4.491346E-3
8.760000E-8	-4.152182E-3
8.770000E-8	-3.809592E-3
8.780000E-8	-3.537232E-3
8.790000E-8	-3.355660E-3
8.800000E-8	-3.268299E-3
8.810000E-8	-3.280290E-3
8.820000E-8	-3.371076E-3
8.830000E-8	-3.513251E-3
8.840000E-8	-3.711953E-3
8.850000E-8	-3.955192E-3
8.860000E-8	-4.284079E-3
8.870000E-8	-4.666067E-3
8.880000E-8	-5.068610E-3
8.890000E-8	-5.436894E-3
8.900000E-8	-5.709253E-3
8.910000E-8	-5.846289E-3
8.920000E-8	-5.851428E-3
8.930000E-8	-5.767493E-3
8.940000E-8	-5.637309E-3
8.950000E-8	-5.467727E-3
8.960000E-8	-5.281016E-3
8.970000E-8	-5.032638E-3
8.980000E-8	-4.681483E-3
8.990000E-8	-4.278940E-3
9.000000E-8	-3.850702E-3
9.010000E-8	-3.509825E-3
9.020000E-8	-3.247744E-3
9.030000E-8	-3.073023E-3
9.040000E-8	-3.004505E-3
9.050000E-8	-3.016496E-3
9.060000E-8	-3.088440E-3
9.070000E-8	-3.240892E-3
9.080000E-8	-3.477279E-3
9.090000E-8	-3.775333E-3
9.100000E-8	-4.111071E-3
9.110000E-8	-4.451948E-3
9.120000E-8	-4.708890E-3
9.130000E-8	-4.851065E-3
9.140000E-8	-4.923009E-3
9.150000E-8	-4.957268E-3
9.160000E-8	-4.904167E-3
9.170000E-8	-4.842500E-3
9.180000E-8	-4.779121E-3
9.190000E-8	-4.655789E-3
9.200000E-8	-4.494772E-3
9.210000E-8	-4.290930E-3
9.220000E-8	-4.001442E-3
9.230000E-8	-3.689685E-3
9.240000E-8	-3.340243E-3
9.250000E-8	-3.033625E-3
9.260000E-8	-2.810942E-3
9.270000E-8	-2.757840E-3
9.280000E-8	-2.800664E-3
9.290000E-8	-2.927422E-3
9.300000E-8	-3.100430E-3
9.310000E-8	-3.266586E-3
9.320000E-8	-3.451585E-3
9.330000E-8	-3.634871E-3
9.340000E-8	-3.835286E-3
9.350000E-8	-4.100793E-3
9.360000E-8	-4.364587E-3
9.370000E-8	-4.623243E-3
9.380000E-8	-4.797964E-3
9.390000E-8	-4.904167E-3
9.400000E-8	-4.912731E-3
9.410000E-8	-4.808241E-3
9.420000E-8	-4.657502E-3
9.430000E-8	-4.451948E-3
9.440000E-8	-4.220700E-3
9.450000E-8	-3.970609E-3
9.460000E-8	-3.749638E-3
9.470000E-8	-3.513251E-3
9.480000E-8	-3.283716E-3
9.490000E-8	-3.045616E-3
9.500000E-8	-2.817793E-3
9.510000E-8	-2.629369E-3
9.520000E-8	-2.523166E-3
9.530000E-8	-2.542008E-3
9.540000E-8	-2.641360E-3
9.550000E-8	-2.793812E-3
9.560000E-8	-2.975385E-3
9.570000E-8	-3.184365E-3
9.580000E-8	-3.424178E-3
9.590000E-8	-3.669130E-3
9.600000E-8	-3.912369E-3
9.610000E-8	-4.131626E-3
9.620000E-8	-4.285792E-3
9.630000E-8	-4.364587E-3
9.640000E-8	-4.359448E-3
9.650000E-8	-4.272088E-3
9.660000E-8	-4.123061E-3
9.670000E-8	-3.915794E-3
9.680000E-8	-3.628019E-3
9.690000E-8	-3.311123E-3
9.700000E-8	-2.985663E-3
9.710000E-8	-2.687609E-3
9.720000E-8	-2.464926E-3
9.730000E-8	-2.307334E-3
9.740000E-8	-2.231965E-3
9.750000E-8	-2.255946E-3
9.760000E-8	-2.326177E-3
9.770000E-8	-2.416963E-3
9.780000E-8	-2.500898E-3
9.790000E-8	-2.581406E-3
9.800000E-8	-2.684183E-3
9.810000E-8	-2.845201E-3
9.820000E-8	-3.049042E-3
9.830000E-8	-3.319688E-3
9.840000E-8	-3.573204E-3
9.850000E-8	-3.804453E-3
9.860000E-8	-3.962044E-3
9.870000E-8	-4.011720E-3
9.880000E-8	-3.950053E-3
9.890000E-8	-3.806166E-3
9.900000E-8	-3.593760E-3
9.910000E-8	-3.350521E-3
9.920000E-8	-3.141541E-3
9.930000E-8	-2.982237E-3
9.940000E-8	-2.843488E-3
9.950000E-8	-2.757840E-3
9.960000E-8	-2.675619E-3
9.970000E-8	-2.608814E-3
9.980000E-8	-2.552286E-3
9.990000E-8	-2.536870E-3
1.000000E-7	-2.559138E-3
1.001000E-7	-2.639647E-3
1.002000E-7	-2.754414E-3
1.003000E-7	-2.891450E-3
1.004000E-7	-2.990801E-3
1.005000E-7	-3.057606E-3
1.006000E-7	-3.114134E-3
1.007000E-7	-3.180939E-3
1.008000E-7	-3.293994E-3
1.009000E-7	-3.453298E-3
1.010000E-7	-3.628019E-3
1.011000E-7	-3.828434E-3
1.012000E-7	-3.910656E-3
1.013000E-7	-3.902091E-3
1.014000E-7	-3.771907E-3
1.015000E-7	-3.576630E-3
1.016000E-7	-3.340243E-3
1.017000E-7	-3.151819E-3
1.018000E-7	-3.021634E-3
1.019000E-7	-2.951404E-3
1.020000E-7	-2.949691E-3
1.021000E-7	-2.927422E-3
1.022000E-7	-2.915432E-3
1.023000E-7	-2.874321E-3
1.024000E-7	-2.834923E-3
1.025000E-7	-2.821219E-3
1.026000E-7	-2.834923E-3
1.027000E-7	-2.912006E-3
1.028000E-7	-2.977098E-3
1.029000E-7	-3.069597E-3
1.030000E-7	-3.143254E-3
1.031000E-7	-3.228901E-3
1.032000E-7	-3.312836E-3
1.033000E-7	-3.419039E-3
1.034000E-7	-3.552649E-3
1.035000E-7	-3.681120E-3
1.036000E-7	-3.807879E-3
1.037000E-7	-3.828434E-3
1.038000E-7	-3.765055E-3
1.039000E-7	-3.624593E-3
1.040000E-7	-3.458437E-3
1.041000E-7	-3.328253E-3
1.042000E-7	-3.266586E-3
1.043000E-7	-3.271725E-3
1.044000E-7	-3.314549E-3
1.045000E-7	-3.364224E-3
1.046000E-7	-3.369363E-3
1.047000E-7	-3.360799E-3
1.048000E-7	-3.307697E-3
1.049000E-7	-3.307697E-3
1.050000E-7	-3.403622E-3
1.051000E-7	-3.537232E-3
1.052000E-7	-3.722231E-3
1.053000E-7	-3.919220E-3
1.054000E-7	-4.095654E-3
1.055000E-7	-4.244681E-3
1.056000E-7	-4.338893E-3
1.057000E-7	-4.391995E-3
1.058000E-7	-4.431392E-3
1.059000E-7	-4.441670E-3
1.060000E-7	-4.433105E-3
1.061000E-7	-4.380004E-3
1.062000E-7	-4.287505E-3
1.063000E-7	-4.157320E-3
1.064000E-7	-4.083664E-3
1.065000E-7	-4.117923E-3
1.066000E-7	-4.229264E-3
1.067000E-7	-4.410837E-3
1.068000E-7	-4.580419E-3
1.069000E-7	-4.660928E-3
1.070000E-7	-4.618104E-3
1.071000E-7	-4.489633E-3
1.072000E-7	-4.308060E-3
1.073000E-7	-4.191579E-3
1.074000E-7	-4.174450E-3
1.075000E-7	-4.284079E-3
1.076000E-7	-4.472503E-3
1.077000E-7	-4.643798E-3
1.078000E-7	-4.806528E-3
1.079000E-7	-4.900741E-3
1.080000E-7	-4.933287E-3
1.081000E-7	-4.950416E-3
1.082000E-7	-4.940139E-3
1.083000E-7	-4.933287E-3
1.084000E-7	-4.921296E-3
1.085000E-7	-4.923009E-3
1.086000E-7	-4.902454E-3
1.087000E-7	-4.912731E-3
1.088000E-7	-4.935000E-3
1.089000E-7	-4.916157E-3
1.090000E-7	-4.899028E-3
1.091000E-7	-4.866482E-3
1.092000E-7	-4.849352E-3
1.093000E-7	-4.806528E-3
1.094000E-7	-4.799677E-3
1.095000E-7	-4.791112E-3
1.096000E-7	-4.832223E-3
1.097000E-7	-4.909305E-3
1.098000E-7	-4.981249E-3
1.099000E-7	-5.034351E-3
1.100000E-7	-5.113146E-3
1.101000E-7	-5.197081E-3
1.102000E-7	-5.298145E-3
1.103000E-7	-5.411200E-3
1.104000E-7	-5.512264E-3
1.105000E-7	-5.592773E-3
1.106000E-7	-5.628744E-3
1.107000E-7	-5.633883E-3
1.108000E-7	-5.592773E-3
1.109000E-7	-5.539671E-3
1.110000E-7	-5.501986E-3
1.111000E-7	-5.457449E-3
1.112000E-7	-5.416339E-3
1.113000E-7	-5.340969E-3
1.114000E-7	-5.219349E-3
1.115000E-7	-5.111434E-3
1.116000E-7	-5.022360E-3
1.117000E-7	-4.964120E-3
1.118000E-7	-4.964120E-3
1.119000E-7	-4.993240E-3
1.120000E-7	-5.065184E-3
1.121000E-7	-5.133702E-3
1.122000E-7	-5.173100E-3
1.123000E-7	-5.166248E-3
1.124000E-7	-5.131989E-3
1.125000E-7	-5.114859E-3
1.126000E-7	-5.085739E-3
1.127000E-7	-5.077175E-3
1.128000E-7	-5.101156E-3
1.129000E-7	-5.159396E-3
1.130000E-7	-5.210785E-3
1.131000E-7	-5.275877E-3
1.132000E-7	-5.303284E-3
1.133000E-7	-5.284442E-3
1.134000E-7	-5.207359E-3
1.135000E-7	-5.073749E-3
1.136000E-7	-4.897315E-3
1.137000E-7	-4.739723E-3
1.138000E-7	-4.623243E-3
1.139000E-7	-4.587271E-3
1.140000E-7	-4.604400E-3
1.141000E-7	-4.640372E-3
1.142000E-7	-4.618104E-3
1.143000E-7	-4.592410E-3
1.144000E-7	-4.546160E-3
1.145000E-7	-4.547873E-3
1.146000E-7	-4.582132E-3
1.147000E-7	-4.678057E-3
1.148000E-7	-4.779121E-3
1.149000E-7	-4.857917E-3
1.150000E-7	-4.880185E-3
1.151000E-7	-4.835649E-3
1.152000E-7	-4.763705E-3
1.153000E-7	-4.719168E-3
1.154000E-7	-4.703751E-3
1.155000E-7	-4.748288E-3
1.156000E-7	-4.837362E-3
1.157000E-7	-4.919583E-3
1.158000E-7	-4.938426E-3
1.159000E-7	-4.866482E-3
1.160000E-7	-4.714029E-3
1.161000E-7	-4.530743E-3
1.162000E-7	-4.364587E-3
1.163000E-7	-4.256671E-3
1.164000E-7	-4.205283E-3
1.165000E-7	-4.177876E-3
1.166000E-7	-4.188153E-3
1.167000E-7	-4.183015E-3
1.168000E-7	-4.153894E-3
1.169000E-7	-4.136765E-3
1.170000E-7	-4.148756E-3
1.171000E-7	-4.189866E-3
1.172000E-7	-4.253246E-3
1.173000E-7	-4.306347E-3
1.174000E-7	-4.328615E-3
1.175000E-7	-4.290930E-3
1.176000E-7	-4.188153E-3
1.177000E-7	-4.069960E-3
1.178000E-7	-3.941489E-3
1.179000E-7	-3.881535E-3
1.180000E-7	-3.840425E-3
1.181000E-7	-3.826721E-3
1.182000E-7	-3.804453E-3
1.183000E-7	-3.806166E-3
1.184000E-7	-3.794175E-3
1.185000E-7	-3.756490E-3
1.186000E-7	-3.689685E-3
1.187000E-7	-3.607463E-3
1.188000E-7	-3.511538E-3
1.189000E-7	-3.427604E-3
1.190000E-7	-3.367650E-3
1.191000E-7	-3.347095E-3
1.192000E-7	-3.374502E-3
1.193000E-7	-3.431030E-3
1.194000E-7	-3.501260E-3
1.195000E-7	-3.571491E-3
1.196000E-7	-3.605750E-3
1.197000E-7	-3.619454E-3
1.198000E-7	-3.578343E-3
1.199000E-7	-3.497835E-3
1.200000E-7	-3.391632E-3
1.201000E-7	-3.300845E-3
1.202000E-7	-3.196355E-3
1.203000E-7	-3.179226E-3
1.204000E-7	-3.206633E-3
1.205000E-7	-3.264873E-3
1.206000E-7	-3.359086E-3
1.207000E-7	-3.377928E-3
1.208000E-7	-3.362512E-3
1.209000E-7	-3.285429E-3
1.210000E-7	-3.196355E-3
1.211000E-7	-3.093578E-3
1.212000E-7	-3.035338E-3
1.213000E-7	-3.014783E-3
1.214000E-7	-3.045616E-3
1.215000E-7	-3.139828E-3
1.216000E-7	-3.292281E-3
1.217000E-7	-3.410474E-3
1.218000E-7	-3.492696E-3
1.219000E-7	-3.521816E-3
1.220000E-7	-3.499548E-3
1.221000E-7	-3.455011E-3
1.222000E-7	-3.431030E-3
1.223000E-7	-3.424178E-3
1.224000E-7	-3.453298E-3
1.225000E-7	-3.475566E-3
1.226000E-7	-3.477279E-3
1.227000E-7	-3.501260E-3
1.228000E-7	-3.532094E-3
1.229000E-7	-3.586908E-3
1.230000E-7	-3.593760E-3
1.231000E-7	-3.538945E-3
1.232000E-7	-3.412187E-3
1.233000E-7	-3.273438E-3
1.234000E-7	-3.160383E-3
1.235000E-7	-3.124411E-3
1.236000E-7	-3.182652E-3
1.237000E-7	-3.317975E-3
1.238000E-7	-3.436168E-3
1.239000E-7	-3.497835E-3
1.240000E-7	-3.448159E-3
1.241000E-7	-3.329965E-3
1.242000E-7	-3.182652E-3
1.243000E-7	-3.069597E-3
1.244000E-7	-3.083301E-3
1.245000E-7	-3.196355E-3
1.246000E-7	-3.408761E-3
1.247000E-7	-3.657139E-3
1.248000E-7	-3.888387E-3
1.249000E-7	-3.994590E-3
1.250000E-7	-3.967183E-3
1.251000E-7	-3.825008E-3
1.252000E-7	-3.626306E-3
1.253000E-7	-3.460150E-3
1.254000E-7	-3.345382E-3
1.255000E-7	-3.302558E-3
1.256000E-7	-3.345382E-3
1.257000E-7	-3.432742E-3
1.258000E-7	-3.502973E-3
1.259000E-7	-3.552649E-3
1.260000E-7	-3.586908E-3
1.261000E-7	-3.588621E-3
1.262000E-7	-3.561214E-3
1.263000E-7	-3.520103E-3
1.264000E-7	-3.473853E-3
1.265000E-7	-3.444733E-3
1.266000E-7	-3.422465E-3
1.267000E-7	-3.401909E-3
1.268000E-7	-3.472140E-3
1.269000E-7	-3.557788E-3
1.270000E-7	-3.711953E-3
1.271000E-7	-3.850702E-3
1.272000E-7	-3.989451E-3
1.273000E-7	-4.093941E-3
1.274000E-7	-4.121348E-3
1.275000E-7	-4.088802E-3
1.276000E-7	-4.045979E-3
1.277000E-7	-3.998016E-3
1.278000E-7	-3.984312E-3
1.279000E-7	-3.953479E-3
1.280000E-7	-3.905517E-3
1.281000E-7	-3.854128E-3
1.282000E-7	-3.830147E-3
1.283000E-7	-3.830147E-3
1.284000E-7	-3.852415E-3
1.285000E-7	-3.895239E-3
1.286000E-7	-3.953479E-3
1.287000E-7	-4.003155E-3
1.288000E-7	-4.011720E-3
1.289000E-7	-3.980887E-3
1.290000E-7	-3.922646E-3
1.291000E-7	-3.867832E-3
1.292000E-7	-3.842138E-3
1.293000E-7	-3.838712E-3
1.294000E-7	-3.869545E-3
1.295000E-7	-3.896952E-3
1.296000E-7	-3.950053E-3
1.297000E-7	-3.968896E-3
1.298000E-7	-4.006581E-3
1.299000E-7	-4.061395E-3
1.300000E-7	-4.147043E-3
1.301000E-7	-4.265236E-3
1.302000E-7	-4.385143E-3
1.303000E-7	-4.496484E-3
1.304000E-7	-4.585558E-3
1.305000E-7	-4.652363E-3
1.306000E-7	-4.664354E-3
1.307000E-7	-4.607826E-3
1.308000E-7	-4.503336E-3
1.309000E-7	-4.335467E-3
1.310000E-7	-4.234403E-3
1.311000E-7	-4.241255E-3
1.312000E-7	-4.349171E-3
1.313000E-7	-4.537595E-3
1.314000E-7	-4.741436E-3
1.315000E-7	-4.875046E-3
1.316000E-7	-4.904167E-3
1.317000E-7	-4.827084E-3
1.318000E-7	-4.693474E-3
1.319000E-7	-4.563290E-3
1.320000E-7	-4.510188E-3
1.321000E-7	-4.513614E-3
1.322000E-7	-4.600974E-3
1.323000E-7	-4.729446E-3
1.324000E-7	-4.849352E-3
1.325000E-7	-4.909305E-3
1.326000E-7	-4.883611E-3
1.327000E-7	-4.816806E-3
1.328000E-7	-4.691761E-3
1.329000E-7	-4.595836E-3
1.330000E-7	-4.518753E-3
1.331000E-7	-4.479355E-3
1.332000E-7	-4.499910E-3
1.333000E-7	-4.573567E-3
1.334000E-7	-4.672918E-3
1.335000E-7	-4.775695E-3
1.336000E-7	-4.863056E-3
1.337000E-7	-4.916157E-3
1.338000E-7	-4.887037E-3
1.339000E-7	-4.804815E-3
1.340000E-7	-4.691761E-3
1.341000E-7	-4.568428E-3
1.342000E-7	-4.491346E-3
1.343000E-7	-4.475929E-3
1.344000E-7	-4.489633E-3
1.345000E-7	-4.506762E-3
1.346000E-7	-4.482781E-3
1.347000E-7	-4.424541E-3
1.348000E-7	-4.388569E-3
1.349000E-7	-4.405698E-3
1.350000E-7	-4.477642E-3
1.351000E-7	-4.556438E-3
1.352000E-7	-4.618104E-3
1.353000E-7	-4.647224E-3
1.354000E-7	-4.624956E-3
1.355000E-7	-4.551299E-3
1.356000E-7	-4.484494E-3
1.357000E-7	-4.450235E-3
1.358000E-7	-4.458800E-3
1.359000E-7	-4.544447E-3
1.360000E-7	-4.640372E-3
1.361000E-7	-4.751714E-3
1.362000E-7	-4.758566E-3
1.363000E-7	-4.678057E-3
1.364000E-7	-4.486207E-3
1.365000E-7	-4.266949E-3
1.366000E-7	-4.051117E-3
1.367000E-7	-3.920933E-3
1.368000E-7	-3.891813E-3
1.369000E-7	-3.946628E-3
1.370000E-7	-4.028849E-3
1.371000E-7	-4.071673E-3
1.372000E-7	-4.057969E-3
1.373000E-7	-4.018571E-3
1.374000E-7	-3.977461E-3
1.375000E-7	-3.955192E-3
1.376000E-7	-3.972322E-3
1.377000E-7	-3.980887E-3
1.378000E-7	-4.010007E-3
1.379000E-7	-4.018571E-3
1.380000E-7	-4.020284E-3
1.381000E-7	-3.987738E-3
1.382000E-7	-3.948340E-3
1.383000E-7	-3.919220E-3
1.384000E-7	-3.912369E-3
1.385000E-7	-3.866119E-3
1.386000E-7	-3.825008E-3
1.387000E-7	-3.746212E-3
1.388000E-7	-3.669130E-3
1.389000E-7	-3.621167E-3
1.390000E-7	-3.631445E-3
1.391000E-7	-3.698250E-3
1.392000E-7	-3.795888E-3
1.393000E-7	-3.843851E-3
1.394000E-7	-3.813017E-3
1.395000E-7	-3.670843E-3
1.396000E-7	-3.470427E-3
1.397000E-7	-3.268299E-3
1.398000E-7	-3.156958E-3
1.399000E-7	-3.131263E-3
1.400000E-7	-3.201494E-3
1.401000E-7	-3.336817E-3
1.402000E-7	-3.444733E-3
1.403000E-7	-3.513251E-3
1.404000E-7	-3.478992E-3
1.405000E-7	-3.383067E-3
1.406000E-7	-3.263160E-3
1.407000E-7	-3.192929E-3
1.408000E-7	-3.129550E-3
1.409000E-7	-3.076449E-3
1.410000E-7	-3.052468E-3
1.411000E-7	-3.040477E-3
1.412000E-7	-3.009644E-3
1.413000E-7	-2.978811E-3
1.414000E-7	-2.942839E-3
1.415000E-7	-2.903441E-3
1.416000E-7	-2.920570E-3
1.417000E-7	-2.989088E-3
1.418000E-7	-3.073023E-3
1.419000E-7	-3.134689E-3
1.420000E-7	-3.170661E-3
1.421000E-7	-3.186078E-3
1.422000E-7	-3.132976E-3
1.423000E-7	-3.054181E-3
1.424000E-7	-2.954829E-3
1.425000E-7	-2.850339E-3
1.426000E-7	-2.757840E-3
1.427000E-7	-2.655063E-3
1.428000E-7	-2.584832E-3
1.429000E-7	-2.547147E-3
1.430000E-7	-2.553999E-3
1.431000E-7	-2.586545E-3
1.432000E-7	-2.608814E-3
1.433000E-7	-2.632795E-3
1.434000E-7	-2.620804E-3
1.435000E-7	-2.581406E-3
1.436000E-7	-2.530018E-3
1.437000E-7	-2.531731E-3
1.438000E-7	-2.612239E-3
1.439000E-7	-2.733859E-3
1.440000E-7	-2.901728E-3
1.441000E-7	-3.038764E-3
1.442000E-7	-3.134689E-3
1.443000E-7	-3.150106E-3
1.444000E-7	-3.083301E-3
1.445000E-7	-2.971959E-3
1.446000E-7	-2.858904E-3
1.447000E-7	-2.797238E-3
1.448000E-7	-2.802377E-3
1.449000E-7	-2.896589E-3
1.450000E-7	-3.002792E-3
1.451000E-7	-3.062745E-3
1.452000E-7	-3.042190E-3
1.453000E-7	-2.932561E-3
1.454000E-7	-2.781821E-3
1.455000E-7	-2.668767E-3
1.456000E-7	-2.610526E-3
1.457000E-7	-2.658489E-3
1.458000E-7	-2.762979E-3
1.459000E-7	-2.881173E-3
1.460000E-7	-2.953116E-3
1.461000E-7	-2.990801E-3
1.462000E-7	-3.019922E-3
1.463000E-7	-3.049042E-3
1.464000E-7	-3.100430E-3
1.465000E-7	-3.144967E-3
1.466000E-7	-3.213485E-3
1.467000E-7	-3.326540E-3
1.468000E-7	-3.431030E-3
1.469000E-7	-3.489270E-3
1.470000E-7	-3.533807E-3
1.471000E-7	-3.566353E-3
1.472000E-7	-3.633158E-3
1.473000E-7	-3.665704E-3
1.474000E-7	-3.665704E-3
1.475000E-7	-3.646861E-3
1.476000E-7	-3.634871E-3
1.477000E-7	-3.612602E-3
1.478000E-7	-3.592047E-3
1.479000E-7	-3.562927E-3
1.480000E-7	-3.562927E-3
1.481000E-7	-3.569779E-3
1.482000E-7	-3.617741E-3
1.483000E-7	-3.640009E-3
1.484000E-7	-3.694824E-3
1.485000E-7	-3.735935E-3
1.486000E-7	-3.778758E-3
1.487000E-7	-3.801027E-3
1.488000E-7	-3.819869E-3
1.489000E-7	-3.828434E-3
1.490000E-7	-3.836999E-3
1.491000E-7	-3.872971E-3
1.492000E-7	-3.934637E-3
1.493000E-7	-4.010007E-3
1.494000E-7	-4.090515E-3
1.495000E-7	-4.174450E-3
1.496000E-7	-4.260097E-3
1.497000E-7	-4.342319E-3
1.498000E-7	-4.388569E-3
1.499000E-7	-4.391995E-3
1.500000E-7	-4.361161E-3
1.501000E-7	-4.296069E-3
1.502000E-7	-4.212135E-3
1.503000E-7	-4.181302E-3
1.504000E-7	-4.121348E-3
1.505000E-7	-4.078525E-3
1.506000E-7	-3.996303E-3
1.507000E-7	-3.896952E-3
1.508000E-7	-3.790749E-3
1.509000E-7	-3.699963E-3
1.510000E-7	-3.681120E-3
1.511000E-7	-3.761629E-3
1.512000E-7	-3.864406E-3
1.513000E-7	-3.967183E-3
1.514000E-7	-4.020284E-3
1.515000E-7	-4.057969E-3
1.516000E-7	-4.069960E-3
1.517000E-7	-4.076812E-3
1.518000E-7	-4.119635E-3
1.519000E-7	-4.183015E-3
1.520000E-7	-4.265236E-3
1.521000E-7	-4.328615E-3
1.522000E-7	-4.373152E-3
1.523000E-7	-4.383430E-3
1.524000E-7	-4.397133E-3
1.525000E-7	-4.349171E-3
1.526000E-7	-4.282366E-3
1.527000E-7	-4.198431E-3
1.528000E-7	-4.099080E-3
1.529000E-7	-4.045979E-3
1.530000E-7	-4.066534E-3
1.531000E-7	-4.124774E-3
1.532000E-7	-4.172737E-3
1.533000E-7	-4.195005E-3
1.534000E-7	-4.133339E-3
1.535000E-7	-4.042553E-3
1.536000E-7	-3.931211E-3
1.537000E-7	-3.890100E-3
1.538000E-7	-3.902091E-3
1.539000E-7	-4.015146E-3
1.540000E-7	-4.152182E-3
1.541000E-7	-4.273801E-3
1.542000E-7	-4.361161E-3
1.543000E-7	-4.349171E-3
1.544000E-7	-4.287505E-3
1.545000E-7	-4.217274E-3
1.546000E-7	-4.153894E-3
1.547000E-7	-4.119635E-3
1.548000E-7	-4.097367E-3
1.549000E-7	-4.085376E-3
1.550000E-7	-4.078525E-3
1.551000E-7	-4.059682E-3
1.552000E-7	-3.996303E-3
1.553000E-7	-3.924359E-3
1.554000E-7	-3.859267E-3
1.555000E-7	-3.828434E-3
1.556000E-7	-3.872971E-3
1.557000E-7	-3.960331E-3
1.558000E-7	-4.037414E-3
1.559000E-7	-4.092228E-3
1.560000E-7	-4.105932E-3
1.561000E-7	-4.092228E-3
1.562000E-7	-4.054543E-3
1.563000E-7	-3.998016E-3
1.564000E-7	-3.953479E-3
1.565000E-7	-3.898665E-3
1.566000E-7	-3.825008E-3
1.567000E-7	-3.746212E-3
1.568000E-7	-3.633158E-3
1.569000E-7	-3.547510E-3
1.570000E-7	-3.538945E-3
1.571000E-7	-3.624593E-3
1.572000E-7	-3.761629E-3
1.573000E-7	-3.919220E-3
1.574000E-7	-4.045979E-3
1.575000E-7	-4.064821E-3
1.576000E-7	-3.979174E-3
1.577000E-7	-3.838712E-3
1.578000E-7	-3.715379E-3
1.579000E-7	-3.624593E-3
1.580000E-7	-3.645148E-3
1.581000E-7	-3.729083E-3
1.582000E-7	-3.831860E-3
1.583000E-7	-3.895239E-3
1.584000E-7	-3.920933E-3
1.585000E-7	-3.908943E-3
1.586000E-7	-3.893526E-3
1.587000E-7	-3.867832E-3
1.588000E-7	-3.842138E-3
1.589000E-7	-3.833573E-3
1.590000E-7	-3.823295E-3
1.591000E-7	-3.830147E-3
1.592000E-7	-3.854128E-3
1.593000E-7	-3.881535E-3
1.594000E-7	-3.871258E-3
1.595000E-7	-3.845563E-3
1.596000E-7	-3.759916E-3
1.597000E-7	-3.633158E-3
1.598000E-7	-3.506399E-3
1.599000E-7	-3.413900E-3
1.600000E-7	-3.357373E-3
1.601000E-7	-3.331678E-3
1.602000E-7	-3.341956E-3
1.603000E-7	-3.391632E-3
1.604000E-7	-3.484131E-3
1.605000E-7	-3.597186E-3
1.606000E-7	-3.706815E-3
1.607000E-7	-3.794175E-3
1.608000E-7	-3.807879E-3
1.609000E-7	-3.751351E-3
1.610000E-7	-3.621167E-3
1.611000E-7	-3.467001E-3
1.612000E-7	-3.316262E-3
1.613000E-7	-3.223763E-3
1.614000E-7	-3.213485E-3
1.615000E-7	-3.246031E-3
1.616000E-7	-3.283716E-3
1.617000E-7	-3.311123E-3
1.618000E-7	-3.287142E-3
1.619000E-7	-3.225476E-3
1.620000E-7	-3.144967E-3
1.621000E-7	-3.067884E-3
1.622000E-7	-3.007931E-3
1.623000E-7	-2.966820E-3
1.624000E-7	-2.929135E-3
1.625000E-7	-2.903441E-3
1.626000E-7	-2.894876E-3
1.627000E-7	-2.888024E-3
1.628000E-7	-2.941126E-3
1.629000E-7	-3.037051E-3
1.630000E-7	-3.143254E-3
1.631000E-7	-3.246031E-3
1.632000E-7	-3.311123E-3
1.633000E-7	-3.283716E-3
1.634000E-7	-3.194642E-3
1.635000E-7	-3.073023E-3
1.636000E-7	-2.949691E-3
1.637000E-7	-2.881173E-3
1.638000E-7	-2.888024E-3
1.639000E-7	-2.941126E-3
1.640000E-7	-3.038764E-3
1.641000E-7	-3.134689E-3
1.642000E-7	-3.216911E-3
1.643000E-7	-3.228901E-3
1.644000E-7	-3.213485E-3
1.645000E-7	-3.163809E-3
1.646000E-7	-3.102143E-3
1.647000E-7	-3.067884E-3
1.648000E-7	-3.066171E-3
1.649000E-7	-3.054181E-3
1.650000E-7	-3.054181E-3
1.651000E-7	-3.055893E-3
1.652000E-7	-3.035338E-3
1.653000E-7	-3.018209E-3
1.654000E-7	-2.992514E-3
1.655000E-7	-2.973672E-3
1.656000E-7	-3.002792E-3
1.657000E-7	-3.030199E-3
1.658000E-7	-3.040477E-3
1.659000E-7	-3.061032E-3
1.660000E-7	-3.067884E-3
1.661000E-7	-3.057606E-3
1.662000E-7	-2.995940E-3
1.663000E-7	-2.939413E-3
1.664000E-7	-2.870895E-3
1.665000E-7	-2.822932E-3
1.666000E-7	-2.805803E-3
1.667000E-7	-2.853765E-3
1.668000E-7	-3.006218E-3
1.669000E-7	-3.180939E-3
1.670000E-7	-3.338530E-3
1.671000E-7	-3.410474E-3
1.672000E-7	-3.437881E-3
1.673000E-7	-3.412187E-3
1.674000E-7	-3.359086E-3
1.675000E-7	-3.302558E-3
1.676000E-7	-3.302558E-3
1.677000E-7	-3.355660E-3
1.678000E-7	-3.465289E-3
1.679000E-7	-3.559501E-3
1.680000E-7	-3.658852E-3
1.681000E-7	-3.705102E-3
1.682000E-7	-3.696537E-3
1.683000E-7	-3.645148E-3
1.684000E-7	-3.544084E-3
1.685000E-7	-3.477279E-3
1.686000E-7	-3.444733E-3
1.687000E-7	-3.489270E-3
1.688000E-7	-3.573204E-3
1.689000E-7	-3.703389E-3
1.690000E-7	-3.801027E-3
1.691000E-7	-3.867832E-3
1.692000E-7	-3.831860E-3
1.693000E-7	-3.725657E-3
1.694000E-7	-3.626306E-3
1.695000E-7	-3.617741E-3
1.696000E-7	-3.670843E-3
1.697000E-7	-3.790749E-3
1.698000E-7	-3.886674E-3
1.699000E-7	-3.943202E-3
1.700000E-7	-3.920933E-3
1.701000E-7	-3.821582E-3
1.702000E-7	-3.741074E-3
1.703000E-7	-3.715379E-3
1.704000E-7	-3.790749E-3
1.705000E-7	-3.931211E-3
1.706000E-7	-4.097367E-3
1.707000E-7	-4.218987E-3
1.708000E-7	-4.265236E-3
1.709000E-7	-4.218987E-3
1.710000E-7	-4.138478E-3
1.711000E-7	-4.063108E-3
1.712000E-7	-4.016858E-3
1.713000E-7	-4.001442E-3
1.714000E-7	-4.027136E-3
1.715000E-7	-4.075099E-3
1.716000E-7	-4.116210E-3
1.717000E-7	-4.157320E-3
1.718000E-7	-4.136765E-3
1.719000E-7	-4.102506E-3
1.720000E-7	-4.054543E-3
1.721000E-7	-4.044266E-3
1.722000E-7	-4.057969E-3
1.723000E-7	-4.099080E-3
1.724000E-7	-4.147043E-3
1.725000E-7	-4.201857E-3
1.726000E-7	-4.253246E-3
1.727000E-7	-4.297782E-3
1.728000E-7	-4.323477E-3
1.729000E-7	-4.354310E-3
1.730000E-7	-4.381717E-3
1.731000E-7	-4.441670E-3
1.732000E-7	-4.457087E-3
1.733000E-7	-4.498197E-3
1.734000E-7	-4.506762E-3
1.735000E-7	-4.457087E-3
1.736000E-7	-4.373152E-3
1.737000E-7	-4.278940E-3
1.738000E-7	-4.205283E-3
1.739000E-7	-4.174450E-3
1.740000E-7	-4.205283E-3
1.741000E-7	-4.292643E-3
1.742000E-7	-4.398846E-3
1.743000E-7	-4.484494E-3
1.744000E-7	-4.498197E-3
1.745000E-7	-4.431392E-3
1.746000E-7	-4.347458E-3
1.747000E-7	-4.244681E-3
1.748000E-7	-4.215561E-3
1.749000E-7	-4.195005E-3
1.750000E-7	-4.203570E-3
1.751000E-7	-4.222412E-3
1.752000E-7	-4.230977E-3
1.753000E-7	-4.218987E-3
1.754000E-7	-4.184728E-3
1.755000E-7	-4.164172E-3
1.756000E-7	-4.150469E-3
1.757000E-7	-4.160746E-3
1.758000E-7	-4.188153E-3
1.759000E-7	-4.210422E-3
1.760000E-7	-4.222412E-3
1.761000E-7	-4.191579E-3
1.762000E-7	-4.135052E-3
1.763000E-7	-4.069960E-3
1.764000E-7	-4.004868E-3
1.765000E-7	-3.970609E-3
1.766000E-7	-3.987738E-3
1.767000E-7	-4.030562E-3
1.768000E-7	-4.081951E-3
1.769000E-7	-4.123061E-3
1.770000E-7	-4.119635E-3
1.771000E-7	-4.049405E-3
1.772000E-7	-3.948340E-3
1.773000E-7	-3.842138E-3
1.774000E-7	-3.758203E-3
1.775000E-7	-3.722231E-3
1.776000E-7	-3.723944E-3
1.777000E-7	-3.758203E-3
1.778000E-7	-3.785610E-3
1.779000E-7	-3.826721E-3
1.780000E-7	-3.876397E-3
1.781000E-7	-3.931211E-3
1.782000E-7	-3.965470E-3
1.783000E-7	-3.956905E-3
1.784000E-7	-3.965470E-3
1.785000E-7	-4.004868E-3
1.786000E-7	-4.020284E-3
1.787000E-7	-4.061395E-3
1.788000E-7	-4.071673E-3
1.789000E-7	-4.044266E-3
1.790000E-7	-3.974035E-3
1.791000E-7	-3.902091E-3
1.792000E-7	-3.809592E-3
1.793000E-7	-3.723944E-3
1.794000E-7	-3.663991E-3
1.795000E-7	-3.636584E-3
1.796000E-7	-3.641722E-3
1.797000E-7	-3.665704E-3
1.798000E-7	-3.705102E-3
1.799000E-7	-3.753064E-3
1.800000E-7	-3.819869E-3
1.801000E-7	-3.848989E-3
1.802000E-7	-3.859267E-3
1.803000E-7	-3.819869E-3
1.804000E-7	-3.771907E-3
1.805000E-7	-3.761629E-3
1.806000E-7	-3.749638E-3
1.807000E-7	-3.789036E-3
1.808000E-7	-3.802740E-3
1.809000E-7	-3.816443E-3
1.810000E-7	-3.783897E-3
1.811000E-7	-3.725657E-3
1.812000E-7	-3.646861E-3
1.813000E-7	-3.564640E-3
1.814000E-7	-3.496122E-3
1.815000E-7	-3.434455E-3
1.816000E-7	-3.420752E-3
1.817000E-7	-3.463576E-3
1.818000E-7	-3.562927E-3
1.819000E-7	-3.677694E-3
1.820000E-7	-3.787323E-3
1.821000E-7	-3.848989E-3
1.822000E-7	-3.848989E-3
1.823000E-7	-3.792462E-3
1.824000E-7	-3.691398E-3
1.825000E-7	-3.569779E-3
1.826000E-7	-3.482418E-3
1.827000E-7	-3.444733E-3
1.828000E-7	-3.456724E-3
1.829000E-7	-3.508112E-3
1.830000E-7	-3.550936E-3
1.831000E-7	-3.530381E-3
1.832000E-7	-3.475566E-3
1.833000E-7	-3.400196E-3
1.834000E-7	-3.336817E-3
1.835000E-7	-3.357373E-3
1.836000E-7	-3.412187E-3
1.837000E-7	-3.509825E-3
1.838000E-7	-3.621167E-3
1.839000E-7	-3.687972E-3
1.840000E-7	-3.677694E-3
1.841000E-7	-3.612602E-3
1.842000E-7	-3.535520E-3
1.843000E-7	-3.467001E-3
1.844000E-7	-3.403622E-3
1.845000E-7	-3.377928E-3
1.846000E-7	-3.323114E-3
1.847000E-7	-3.283716E-3
1.848000E-7	-3.244318E-3
1.849000E-7	-3.268299E-3
1.850000E-7	-3.367650E-3
1.851000E-7	-3.550936E-3
1.852000E-7	-3.737648E-3
1.853000E-7	-3.886674E-3
1.854000E-7	-3.910656E-3
1.855000E-7	-3.859267E-3
1.856000E-7	-3.730796E-3
1.857000E-7	-3.574917E-3
1.858000E-7	-3.456724E-3
1.859000E-7	-3.398483E-3
1.860000E-7	-3.388206E-3
1.861000E-7	-3.403622E-3
1.862000E-7	-3.407048E-3
1.863000E-7	-3.420752E-3
1.864000E-7	-3.437881E-3
1.865000E-7	-3.485844E-3
1.866000E-7	-3.540658E-3
1.867000E-7	-3.614315E-3
1.868000E-7	-3.696537E-3
1.869000E-7	-3.744499E-3
1.870000E-7	-3.727370E-3
1.871000E-7	-3.669130E-3
1.872000E-7	-3.578343E-3
1.873000E-7	-3.480705E-3
1.874000E-7	-3.422465E-3
1.875000E-7	-3.458437E-3
1.876000E-7	-3.562927E-3
1.877000E-7	-3.672556E-3
1.878000E-7	-3.765055E-3
1.879000E-7	-3.811304E-3
1.880000E-7	-3.813017E-3
1.881000E-7	-3.785610E-3
1.882000E-7	-3.739361E-3
1.883000E-7	-3.735935E-3
1.884000E-7	-3.777045E-3
1.885000E-7	-3.842138E-3
1.886000E-7	-3.920933E-3
1.887000E-7	-4.004868E-3
1.888000E-7	-4.073386E-3
1.889000E-7	-4.078525E-3
1.890000E-7	-4.001442E-3
1.891000E-7	-3.898665E-3
1.892000E-7	-3.794175E-3
1.893000E-7	-3.723944E-3
1.894000E-7	-3.706815E-3
1.895000E-7	-3.737648E-3
1.896000E-7	-3.771907E-3
1.897000E-7	-3.801027E-3
1.898000E-7	-3.775333E-3
1.899000E-7	-3.679407E-3
1.900000E-7	-3.580056E-3
1.901000E-7	-3.535520E-3
1.902000E-7	-3.571491E-3
1.903000E-7	-3.696537E-3
1.904000E-7	-3.860980E-3
1.905000E-7	-4.054543E-3
1.906000E-7	-4.230977E-3
1.907000E-7	-4.304634E-3
1.908000E-7	-4.352597E-3
1.909000E-7	-4.344032E-3
1.910000E-7	-4.316625E-3
1.911000E-7	-4.296069E-3
1.912000E-7	-4.260097E-3
1.913000E-7	-4.203570E-3
1.914000E-7	-4.133339E-3
1.915000E-7	-4.018571E-3
1.916000E-7	-3.881535E-3
1.917000E-7	-3.780471E-3
1.918000E-7	-3.734222E-3
1.919000E-7	-3.761629E-3
1.920000E-7	-3.871258E-3
1.921000E-7	-4.023710E-3
1.922000E-7	-4.217274E-3
1.923000E-7	-4.352597E-3
1.924000E-7	-4.445096E-3
1.925000E-7	-4.433105E-3
1.926000E-7	-4.349171E-3
1.927000E-7	-4.206996E-3
1.928000E-7	-4.066534E-3
1.929000E-7	-4.006581E-3
1.930000E-7	-4.018571E-3
1.931000E-7	-4.097367E-3
1.932000E-7	-4.177876E-3
1.933000E-7	-4.225838E-3
1.934000E-7	-4.225838E-3
1.935000E-7	-4.232690E-3
1.936000E-7	-4.220700E-3
1.937000E-7	-4.224125E-3
1.938000E-7	-4.277227E-3
1.939000E-7	-4.337180E-3
1.940000E-7	-4.362874E-3
1.941000E-7	-4.352597E-3
1.942000E-7	-4.290930E-3
1.943000E-7	-4.239542E-3
1.944000E-7	-4.210422E-3
1.945000E-7	-4.189866E-3
1.946000E-7	-4.172737E-3
1.947000E-7	-4.140191E-3
1.948000E-7	-4.064821E-3
1.949000E-7	-3.972322E-3
1.950000E-7	-3.883248E-3
1.951000E-7	-3.835286E-3
1.952000E-7	-3.869545E-3
1.953000E-7	-3.946628E-3
1.954000E-7	-4.010007E-3
1.955000E-7	-4.075099E-3
1.956000E-7	-4.109358E-3
1.957000E-7	-4.119635E-3
1.958000E-7	-4.123061E-3
1.959000E-7	-4.116210E-3
1.960000E-7	-4.121348E-3
1.961000E-7	-4.135052E-3
1.962000E-7	-4.123061E-3
1.963000E-7	-4.076812E-3
1.964000E-7	-4.027136E-3
1.965000E-7	-3.994590E-3
1.966000E-7	-4.008294E-3
1.967000E-7	-4.071673E-3
1.968000E-7	-4.160746E-3
1.969000E-7	-4.239542E-3
1.970000E-7	-4.275514E-3
1.971000E-7	-4.280653E-3
1.972000E-7	-4.230977E-3
1.973000E-7	-4.171024E-3
1.974000E-7	-4.066534E-3
1.975000E-7	-3.924359E-3
1.976000E-7	-3.807879E-3
1.977000E-7	-3.744499E-3
1.978000E-7	-3.765055E-3
1.979000E-7	-3.818156E-3
1.980000E-7	-3.910656E-3
1.981000E-7	-4.004868E-3
1.982000E-7	-4.081951E-3
1.983000E-7	-4.126487E-3
1.984000E-7	-4.131626E-3
1.985000E-7	-4.128200E-3
1.986000E-7	-4.116210E-3
1.987000E-7	-4.088802E-3
1.988000E-7	-4.028849E-3
1.989000E-7	-3.939776E-3
1.990000E-7	-3.850702E-3
1.991000E-7	-3.807879E-3
1.992000E-7	-3.806166E-3
1.993000E-7	-3.848989E-3
1.994000E-7	-3.932924E-3
1.995000E-7	-4.011720E-3
1.996000E-7	-4.059682E-3
1.997000E-7	-4.071673E-3
1.998000E-7	-4.044266E-3
1.999000E-7	-3.987738E-3
2.000000E-7	-3.931211E-3
2.001000E-7	-3.879822E-3
