Study Name	Tungsten_Calibration
Sample Name	2025-04-28
Run Name	spot1
Operator	Angus
Date	4/28/2025
Time	6:32 PM
Sign	POS
Grating Spacing	05.20um
Channel	3
Number Traces	10000
Files in Batch	1
Batch Number	1
dt	100.000001E-12
time stamp (ms)	6:33:17 PM
	
Time	Amplitude
0.000000E+0	-3.662278E-3
1.000000E-10	-3.782184E-3
2.000000E-10	-3.934637E-3
3.000000E-10	-4.023710E-3
4.000000E-10	-4.052830E-3
5.000000E-10	-3.998016E-3
6.000000E-10	-3.900378E-3
7.000000E-10	-3.838712E-3
8.000000E-10	-3.835286E-3
9.000000E-10	-3.884961E-3
1.000000E-9	-3.965470E-3
1.100000E-9	-3.987738E-3
1.200000E-9	-3.922646E-3
1.300000E-9	-3.756490E-3
1.400000E-9	-3.535520E-3
1.500000E-9	-3.372789E-3
1.600000E-9	-3.283716E-3
1.700000E-9	-3.300845E-3
1.800000E-9	-3.403622E-3
1.900000E-9	-3.530381E-3
2.000000E-9	-3.614315E-3
2.100000E-9	-3.660565E-3
2.200000E-9	-3.669130E-3
2.300000E-9	-3.720518E-3
2.400000E-9	-3.838712E-3
2.500000E-9	-4.016858E-3
2.600000E-9	-4.157320E-3
2.700000E-9	-4.177876E-3
2.800000E-9	-4.078525E-3
2.900000E-9	-3.900378E-3
3.000000E-9	-3.669130E-3
3.100000E-9	-3.513251E-3
3.200000E-9	-3.465289E-3
3.300000E-9	-3.532094E-3
3.400000E-9	-3.640009E-3
3.500000E-9	-3.735935E-3
3.600000E-9	-3.761629E-3
3.700000E-9	-3.754777E-3
3.800000E-9	-3.679407E-3
3.900000E-9	-3.573204E-3
4.000000E-9	-3.501260E-3
4.100000E-9	-3.456724E-3
4.200000E-9	-3.472140E-3
4.300000E-9	-3.509825E-3
4.400000E-9	-3.564640E-3
4.500000E-9	-3.634871E-3
4.600000E-9	-3.682833E-3
4.700000E-9	-3.681120E-3
4.800000E-9	-3.699963E-3
4.900000E-9	-3.715379E-3
5.000000E-9	-3.782184E-3
5.100000E-9	-3.924359E-3
5.200000E-9	-4.076812E-3
5.300000E-9	-4.212135E-3
5.400000E-9	-4.266949E-3
5.500000E-9	-4.208709E-3
5.600000E-9	-4.066534E-3
5.700000E-9	-3.888387E-3
5.800000E-9	-3.756490E-3
5.900000E-9	-3.674268E-3
6.000000E-9	-3.672556E-3
6.100000E-9	-3.749638E-3
6.200000E-9	-3.825008E-3
6.300000E-9	-3.866119E-3
6.400000E-9	-3.845563E-3
6.500000E-9	-3.759916E-3
6.600000E-9	-3.652000E-3
6.700000E-9	-3.602325E-3
6.800000E-9	-3.586908E-3
6.900000E-9	-3.621167E-3
7.000000E-9	-3.693111E-3
7.100000E-9	-3.734222E-3
7.200000E-9	-3.711953E-3
7.300000E-9	-3.597186E-3
7.400000E-9	-3.439594E-3
7.500000E-9	-3.341956E-3
7.600000E-9	-3.326540E-3
7.700000E-9	-3.386493E-3
7.800000E-9	-3.549223E-3
7.900000E-9	-3.675981E-3
8.000000E-9	-3.789036E-3
8.100000E-9	-3.830147E-3
8.200000E-9	-3.855841E-3
8.300000E-9	-3.874684E-3
8.400000E-9	-3.907230E-3
8.500000E-9	-3.922646E-3
8.600000E-9	-3.867832E-3
8.700000E-9	-3.756490E-3
8.800000E-9	-3.612602E-3
8.900000E-9	-3.485844E-3
9.000000E-9	-3.391632E-3
9.100000E-9	-3.365937E-3
9.200000E-9	-3.412187E-3
9.300000E-9	-3.550936E-3
9.400000E-9	-3.722231E-3
9.500000E-9	-3.876397E-3
9.600000E-9	-3.996303E-3
9.700000E-9	-4.056256E-3
9.800000E-9	-4.063108E-3
9.900000E-9	-4.004868E-3
1.000000E-8	-3.900378E-3
1.010000E-8	-3.765055E-3
1.020000E-8	-3.648574E-3
1.030000E-8	-3.552649E-3
1.040000E-8	-3.501260E-3
1.050000E-8	-3.530381E-3
1.060000E-8	-3.622880E-3
1.070000E-8	-3.753064E-3
1.080000E-8	-3.860980E-3
1.090000E-8	-3.895239E-3
1.100000E-8	-3.857554E-3
1.110000E-8	-3.802740E-3
1.120000E-8	-3.747925E-3
1.130000E-8	-3.729083E-3
1.140000E-8	-3.729083E-3
1.150000E-8	-3.742786E-3
1.160000E-8	-3.759916E-3
1.170000E-8	-3.759916E-3
1.180000E-8	-3.754777E-3
1.190000E-8	-3.753064E-3
1.200000E-8	-3.797601E-3
1.210000E-8	-3.896952E-3
1.220000E-8	-3.998016E-3
1.230000E-8	-4.095654E-3
1.240000E-8	-4.119635E-3
1.250000E-8	-4.085376E-3
1.260000E-8	-3.979174E-3
1.270000E-8	-3.821582E-3
1.280000E-8	-3.660565E-3
1.290000E-8	-3.513251E-3
1.300000E-8	-3.413900E-3
1.310000E-8	-3.372789E-3
1.320000E-8	-3.410474E-3
1.330000E-8	-3.528668E-3
1.340000E-8	-3.648574E-3
1.350000E-8	-3.763342E-3
1.360000E-8	-3.843851E-3
1.370000E-8	-3.903804E-3
1.380000E-8	-3.922646E-3
1.390000E-8	-3.919220E-3
1.400000E-8	-3.891813E-3
1.410000E-8	-3.860980E-3
1.420000E-8	-3.818156E-3
1.430000E-8	-3.789036E-3
1.440000E-8	-3.761629E-3
1.450000E-8	-3.770194E-3
1.460000E-8	-3.804453E-3
1.470000E-8	-3.910656E-3
1.480000E-8	-3.992877E-3
1.490000E-8	-4.047692E-3
1.500000E-8	-4.052830E-3
1.510000E-8	-3.986025E-3
1.520000E-8	-3.891813E-3
1.530000E-8	-3.813017E-3
1.540000E-8	-3.785610E-3
1.550000E-8	-3.819869E-3
1.560000E-8	-3.912369E-3
1.570000E-8	-4.003155E-3
1.580000E-8	-4.069960E-3
1.590000E-8	-4.057969E-3
1.600000E-8	-3.956905E-3
1.610000E-8	-3.792462E-3
1.620000E-8	-3.610889E-3
1.630000E-8	-3.478992E-3
1.640000E-8	-3.425891E-3
1.650000E-8	-3.497835E-3
1.660000E-8	-3.646861E-3
1.670000E-8	-3.807879E-3
1.680000E-8	-3.883248E-3
1.690000E-8	-3.859267E-3
1.700000E-8	-3.737648E-3
1.710000E-8	-3.586908E-3
1.720000E-8	-3.490983E-3
1.730000E-8	-3.465289E-3
1.740000E-8	-3.509825E-3
1.750000E-8	-3.566353E-3
1.760000E-8	-3.576630E-3
1.770000E-8	-3.518390E-3
1.780000E-8	-3.408761E-3
1.790000E-8	-3.305984E-3
1.800000E-8	-3.283716E-3
1.810000E-8	-3.355660E-3
1.820000E-8	-3.504686E-3
1.830000E-8	-3.640009E-3
1.840000E-8	-3.741074E-3
1.850000E-8	-3.758203E-3
1.860000E-8	-3.725657E-3
1.870000E-8	-3.628019E-3
1.880000E-8	-3.542371E-3
1.890000E-8	-3.487557E-3
1.900000E-8	-3.477279E-3
1.910000E-8	-3.511538E-3
1.920000E-8	-3.518390E-3
1.930000E-8	-3.467001E-3
1.940000E-8	-3.383067E-3
1.950000E-8	-3.292281E-3
1.960000E-8	-3.230614E-3
1.970000E-8	-3.256309E-3
1.980000E-8	-3.364224E-3
1.990000E-8	-3.520103E-3
2.000000E-8	-3.681120E-3
2.010000E-8	-3.857554E-3
2.020000E-8	-3.982599E-3
2.030000E-8	-4.028849E-3
2.040000E-8	-4.021997E-3
2.050000E-8	-3.958618E-3
2.060000E-8	-3.852415E-3
2.070000E-8	-3.783897E-3
2.080000E-8	-3.723944E-3
2.090000E-8	-3.674268E-3
2.100000E-8	-3.650287E-3
2.110000E-8	-3.621167E-3
2.120000E-8	-3.571491E-3
2.130000E-8	-3.508112E-3
2.140000E-8	-3.420752E-3
2.150000E-8	-3.326540E-3
2.160000E-8	-3.275151E-3
2.170000E-8	-3.268299E-3
2.180000E-8	-3.357373E-3
2.190000E-8	-3.521816E-3
2.200000E-8	-3.674268E-3
2.210000E-8	-3.754777E-3
2.220000E-8	-3.715379E-3
2.230000E-8	-3.593760E-3
2.240000E-8	-3.431030E-3
2.250000E-8	-3.311123E-3
2.260000E-8	-3.300845E-3
2.270000E-8	-3.341956E-3
2.280000E-8	-3.415613E-3
2.290000E-8	-3.436168E-3
2.300000E-8	-3.398483E-3
2.310000E-8	-3.341956E-3
2.320000E-8	-3.309410E-3
2.330000E-8	-3.331678E-3
2.340000E-8	-3.374502E-3
2.350000E-8	-3.451585E-3
2.360000E-8	-3.458437E-3
2.370000E-8	-3.405335E-3
2.380000E-8	-3.328253E-3
2.390000E-8	-3.251170E-3
2.400000E-8	-3.251170E-3
2.410000E-8	-3.299132E-3
2.420000E-8	-3.376215E-3
2.430000E-8	-3.425891E-3
2.440000E-8	-3.381354E-3
2.450000E-8	-3.156958E-3
2.460000E-8	-2.653350E-3
2.470000E-8	-1.706089E-3
2.480000E-8	-2.123964E-4
2.490000E-8	1.968189E-3
2.500000E-8	4.839093E-3
2.510000E-8	8.282123E-3
2.520000E-8	1.203348E-2
2.530000E-8	1.575059E-2
2.540000E-8	1.913195E-2
2.550000E-8	2.190350E-2
2.560000E-8	2.389052E-2
2.570000E-8	2.494741E-2
2.580000E-8	2.499366E-2
2.590000E-8	2.398131E-2
2.600000E-8	2.204568E-2
2.610000E-8	1.931181E-2
2.620000E-8	1.608290E-2
2.630000E-8	1.278033E-2
2.640000E-8	9.765538E-3
2.650000E-8	7.394815E-3
2.660000E-8	5.885706E-3
2.670000E-8	5.356404E-3
2.680000E-8	5.765799E-3
2.690000E-8	6.937457E-3
2.700000E-8	8.634991E-3
2.710000E-8	1.064599E-2
2.720000E-8	1.271181E-2
2.730000E-8	1.467657E-2
2.740000E-8	1.635697E-2
2.750000E-8	1.766909E-2
2.760000E-8	1.847246E-2
2.770000E-8	1.873454E-2
2.780000E-8	1.832515E-2
2.790000E-8	1.721344E-2
2.800000E-8	1.540286E-2
2.810000E-8	1.299102E-2
2.820000E-8	1.024859E-2
2.830000E-8	7.458194E-3
2.840000E-8	4.900760E-3
2.850000E-8	2.860636E-3
2.860000E-8	1.574211E-3
2.870000E-8	1.157964E-3
2.880000E-8	1.671849E-3
2.890000E-8	2.980542E-3
2.900000E-8	4.907611E-3
2.910000E-8	7.143011E-3
2.920000E-8	9.438364E-3
2.930000E-8	1.154872E-2
2.940000E-8	1.331477E-2
2.950000E-8	1.456351E-2
2.960000E-8	1.520758E-2
2.970000E-8	1.516476E-2
2.980000E-8	1.442990E-2
2.990000E-8	1.301672E-2
3.000000E-8	1.101257E-2
3.010000E-8	8.657259E-3
3.020000E-8	6.108389E-3
3.030000E-8	3.557807E-3
3.040000E-8	1.296713E-3
3.050000E-8	-4.196634E-4
3.060000E-8	-1.378915E-3
3.070000E-8	-1.474841E-3
3.080000E-8	-7.074390E-4
3.090000E-8	8.239384E-4
3.100000E-8	2.917163E-3
3.110000E-8	5.270757E-3
3.120000E-8	7.629489E-3
3.130000E-8	9.703871E-3
3.140000E-8	1.136201E-2
3.150000E-8	1.242061E-2
3.160000E-8	1.280089E-2
3.170000E-8	1.246172E-2
3.180000E-8	1.144765E-2
3.190000E-8	9.882018E-3
3.200000E-8	7.792219E-3
3.210000E-8	5.376960E-3
3.220000E-8	2.807535E-3
3.230000E-8	3.323217E-4
3.240000E-8	-1.766042E-3
3.250000E-8	-3.254596E-3
3.260000E-8	-3.917507E-3
3.270000E-8	-3.686259E-3
3.280000E-8	-2.548860E-3
3.290000E-8	-6.663282E-4
3.300000E-8	1.712959E-3
3.310000E-8	4.280672E-3
3.320000E-8	6.725051E-3
3.330000E-8	8.760036E-3
3.340000E-8	1.015780E-2
3.350000E-8	1.082071E-2
3.360000E-8	1.071622E-2
3.370000E-8	9.870028E-3
3.380000E-8	8.364345E-3
3.390000E-8	6.331073E-3
3.400000E-8	3.926091E-3
3.410000E-8	1.397777E-3
3.420000E-8	-1.017483E-3
3.430000E-8	-3.052468E-3
3.440000E-8	-4.525605E-3
3.450000E-8	-5.301571E-3
3.460000E-8	-5.316988E-3
3.470000E-8	-4.571854E-3
3.480000E-8	-3.129550E-3
3.490000E-8	-1.116834E-3
3.500000E-8	1.240185E-3
3.510000E-8	3.684565E-3
3.520000E-8	5.943946E-3
3.530000E-8	7.732266E-3
3.540000E-8	8.857674E-3
3.550000E-8	9.189986E-3
3.560000E-8	8.744619E-3
3.570000E-8	7.581526E-3
3.580000E-8	5.837743E-3
3.590000E-8	3.660584E-3
3.600000E-8	1.245324E-3
3.610000E-8	-1.202482E-3
3.620000E-8	-3.467001E-3
3.630000E-8	-5.334117E-3
3.640000E-8	-6.577719E-3
3.650000E-8	-7.033364E-3
3.660000E-8	-6.647950E-3
3.670000E-8	-5.442033E-3
3.680000E-8	-3.576630E-3
3.690000E-8	-1.269287E-3
3.700000E-8	1.190510E-3
3.710000E-8	3.530399E-3
3.720000E-8	5.478024E-3
3.730000E-8	6.856948E-3
3.740000E-8	7.531851E-3
3.750000E-8	7.468472E-3
3.760000E-8	6.689079E-3
3.770000E-8	5.255340E-3
3.780000E-8	3.335123E-3
3.790000E-8	1.074029E-3
3.800000E-8	-1.306971E-3
3.810000E-8	-3.628019E-3
3.820000E-8	-5.661291E-3
3.830000E-8	-7.153270E-3
3.840000E-8	-7.912107E-3
3.850000E-8	-7.831598E-3
3.860000E-8	-6.944290E-3
3.870000E-8	-5.366663E-3
3.880000E-8	-3.314549E-3
3.890000E-8	-1.039751E-3
3.900000E-8	1.217917E-3
3.910000E-8	3.246050E-3
3.920000E-8	4.878491E-3
3.930000E-8	5.899409E-3
3.940000E-8	6.264268E-3
3.950000E-8	5.873715E-3
3.960000E-8	4.770575E-3
3.970000E-8	3.055912E-3
3.980000E-8	8.890305E-4
3.990000E-8	-1.490257E-3
4.000000E-8	-3.854128E-3
4.010000E-8	-5.935363E-3
4.020000E-8	-7.512990E-3
4.030000E-8	-8.424279E-3
4.040000E-8	-8.557889E-3
4.050000E-8	-7.936088E-3
4.060000E-8	-6.622255E-3
4.070000E-8	-4.815093E-3
4.080000E-8	-2.701313E-3
4.090000E-8	-5.173015E-4
4.100000E-8	1.562220E-3
4.110000E-8	3.319707E-3
4.120000E-8	4.587290E-3
4.130000E-8	5.221081E-3
4.140000E-8	5.121730E-3
4.150000E-8	4.277246E-3
4.160000E-8	2.744155E-3
4.170000E-8	7.365779E-4
4.180000E-8	-1.545072E-3
4.190000E-8	-3.847276E-3
4.200000E-8	-5.914807E-3
4.210000E-8	-7.528406E-3
4.220000E-8	-8.527056E-3
4.230000E-8	-8.883350E-3
4.240000E-8	-8.539047E-3
4.250000E-8	-7.578082E-3
4.260000E-8	-6.103232E-3
4.270000E-8	-4.225838E-3
4.280000E-8	-2.182289E-3
4.290000E-8	-2.038316E-4
4.300000E-8	1.579349E-3
4.310000E-8	2.980542E-3
4.320000E-8	3.840443E-3
4.330000E-8	4.071692E-3
4.340000E-8	3.619473E-3
4.350000E-8	2.512907E-3
4.360000E-8	8.427808E-4
4.370000E-8	-1.219611E-3
4.380000E-8	-3.475566E-3
4.390000E-8	-5.645874E-3
4.400000E-8	-7.473592E-3
4.410000E-8	-8.787424E-3
4.420000E-8	-9.412651E-3
4.430000E-8	-9.347559E-3
4.440000E-8	-8.597287E-3
4.450000E-8	-7.273177E-3
4.460000E-8	-5.544810E-3
4.470000E-8	-3.658852E-3
4.480000E-8	-1.740348E-3
4.490000E-8	1.371301E-5
4.500000E-8	1.483424E-3
4.510000E-8	2.524898E-3
4.520000E-8	3.052486E-3
4.530000E-8	3.009663E-3
4.540000E-8	2.331334E-3
4.550000E-8	1.074029E-3
4.560000E-8	-6.851706E-4
4.570000E-8	-2.744137E-3
4.580000E-8	-4.909305E-3
4.590000E-8	-6.856930E-3
4.600000E-8	-8.429418E-3
4.610000E-8	-9.446910E-3
4.620000E-8	-9.784361E-3
4.630000E-8	-9.409225E-3
4.640000E-8	-8.366039E-3
4.650000E-8	-6.802115E-3
4.660000E-8	-4.911018E-3
4.670000E-8	-2.903441E-3
4.680000E-8	-1.007205E-3
4.690000E-8	5.789865E-4
4.700000E-8	1.719811E-3
4.710000E-8	2.338186E-3
4.720000E-8	2.420408E-3
4.730000E-8	1.944208E-3
4.740000E-8	9.781039E-4
4.750000E-8	-4.316540E-4
4.760000E-8	-2.178863E-3
4.770000E-8	-4.064821E-3
4.780000E-8	-5.895965E-3
4.790000E-8	-7.477018E-3
4.800000E-8	-8.631546E-3
4.810000E-8	-9.224227E-3
4.820000E-8	-9.183116E-3
4.830000E-8	-8.563028E-3
4.840000E-8	-7.420490E-3
4.850000E-8	-5.909668E-3
4.860000E-8	-4.153894E-3
4.870000E-8	-2.269649E-3
4.880000E-8	-4.590612E-4
4.890000E-8	1.046622E-3
4.900000E-8	2.089808E-3
4.910000E-8	2.516333E-3
4.920000E-8	2.276520E-3
4.930000E-8	1.392638E-3
4.940000E-8	-1.369419E-5
4.950000E-8	-1.730070E-3
4.960000E-8	-3.554362E-3
4.970000E-8	-5.293006E-3
4.980000E-8	-6.803828E-3
4.990000E-8	-8.008032E-3
5.000000E-8	-8.775434E-3
5.010000E-8	-9.034089E-3
5.020000E-8	-8.748027E-3
5.030000E-8	-7.898403E-3
5.040000E-8	-6.567441E-3
5.050000E-8	-4.880185E-3
5.060000E-8	-3.045616E-3
5.070000E-8	-1.264148E-3
5.080000E-8	2.672296E-4
5.090000E-8	1.394351E-3
5.100000E-8	2.031568E-3
5.110000E-8	2.100086E-3
5.120000E-8	1.598192E-3
5.130000E-8	5.841254E-4
5.140000E-8	-8.307714E-4
5.150000E-8	-2.471778E-3
5.160000E-8	-4.188153E-3
5.170000E-8	-5.786336E-3
5.180000E-8	-7.089891E-3
5.190000E-8	-7.982338E-3
5.200000E-8	-8.379742E-3
5.210000E-8	-8.259836E-3
5.220000E-8	-7.612341E-3
5.230000E-8	-6.572580E-3
5.240000E-8	-5.200507E-3
5.250000E-8	-3.660565E-3
5.260000E-8	-2.050392E-3
5.270000E-8	-5.772548E-4
5.280000E-8	6.731988E-4
5.290000E-8	1.562220E-3
5.300000E-8	1.927078E-3
5.310000E-8	1.733515E-3
5.320000E-8	9.883816E-4
5.330000E-8	-1.986928E-4
5.340000E-8	-1.688959E-3
5.350000E-8	-3.297419E-3
5.360000E-8	-4.861343E-3
5.370000E-8	-6.260823E-3
5.380000E-8	-7.379379E-3
5.390000E-8	-8.095393E-3
5.400000E-8	-8.299234E-3
5.410000E-8	-7.966921E-3
5.420000E-8	-7.086465E-3
5.430000E-8	-5.789762E-3
5.440000E-8	-4.246394E-3
5.450000E-8	-2.598536E-3
5.460000E-8	-1.080862E-3
5.470000E-8	2.021375E-4
5.480000E-8	1.147686E-3
5.490000E-8	1.641016E-3
5.500000E-8	1.642729E-3
5.510000E-8	1.140834E-3
5.520000E-8	1.884339E-4
5.530000E-8	-1.142528E-3
5.540000E-8	-2.653350E-3
5.550000E-8	-4.157320E-3
5.560000E-8	-5.496847E-3
5.570000E-8	-6.538321E-3
5.580000E-8	-7.218362E-3
5.590000E-8	-7.535258E-3
5.600000E-8	-7.444472E-3
5.610000E-8	-6.992253E-3
5.620000E-8	-6.140917E-3
5.630000E-8	-4.957268E-3
5.640000E-8	-3.538945E-3
5.650000E-8	-2.016133E-3
5.660000E-8	-5.704030E-4
5.670000E-8	6.406527E-4
5.680000E-8	1.447452E-3
5.690000E-8	1.718098E-3
5.700000E-8	1.462869E-3
5.710000E-8	7.057448E-4
5.720000E-8	-5.053109E-4
5.730000E-8	-2.002429E-3
5.740000E-8	-3.605750E-3
5.750000E-8	-5.130276E-3
5.760000E-8	-6.399572E-3
5.770000E-8	-7.304010E-3
5.780000E-8	-7.776784E-3
5.790000E-8	-7.790487E-3
5.800000E-8	-7.360537E-3
5.810000E-8	-6.509201E-3
5.820000E-8	-5.344395E-3
5.830000E-8	-3.965470E-3
5.840000E-8	-2.524879E-3
5.850000E-8	-1.171648E-3
5.860000E-8	-8.735105E-5
5.870000E-8	6.646340E-4
5.880000E-8	9.952334E-4
5.890000E-8	8.650492E-4
5.900000E-8	3.460253E-4
5.910000E-8	-5.498476E-4
5.920000E-8	-1.724931E-3
5.930000E-8	-3.054181E-3
5.940000E-8	-4.414263E-3
5.950000E-8	-5.645874E-3
5.960000E-8	-6.656514E-3
5.970000E-8	-7.319426E-3
5.980000E-8	-7.581508E-3
5.990000E-8	-7.393083E-3
6.000000E-8	-6.790125E-3
6.010000E-8	-5.824021E-3
6.020000E-8	-4.630095E-3
6.030000E-8	-3.350521E-3
6.040000E-8	-2.122336E-3
6.050000E-8	-1.097992E-3
6.060000E-8	-3.425806E-4
6.070000E-8	7.709216E-5
6.080000E-8	1.387584E-4
6.090000E-8	-1.695726E-4
6.100000E-8	-8.410491E-4
6.110000E-8	-1.807153E-3
6.120000E-8	-2.973672E-3
6.130000E-8	-4.236116E-3
6.140000E-8	-5.438607E-3
6.150000E-8	-6.433831E-3
6.160000E-8	-7.166974E-3
6.170000E-8	-7.545536E-3
6.180000E-8	-7.550674E-3
6.190000E-8	-7.199520E-3
6.200000E-8	-6.524617E-3
6.210000E-8	-5.615041E-3
6.220000E-8	-4.539308E-3
6.230000E-8	-3.408761E-3
6.240000E-8	-2.367288E-3
6.250000E-8	-1.481692E-3
6.260000E-8	-8.735951E-4
6.270000E-8	-5.806807E-4
6.280000E-8	-6.577634E-4
6.290000E-8	-1.094566E-3
6.300000E-8	-1.843125E-3
6.310000E-8	-2.816080E-3
6.320000E-8	-3.958618E-3
6.330000E-8	-5.154257E-3
6.340000E-8	-6.271101E-3
6.350000E-8	-7.189242E-3
6.360000E-8	-7.795626E-3
6.370000E-8	-8.009745E-3
6.380000E-8	-7.814469E-3
6.390000E-8	-7.268038E-3
6.400000E-8	-6.442396E-3
6.410000E-8	-5.411200E-3
6.420000E-8	-4.328615E-3
6.430000E-8	-3.341956E-3
6.440000E-8	-2.500898E-3
6.450000E-8	-1.933911E-3
6.460000E-8	-1.651274E-3
6.470000E-8	-1.688959E-3
6.480000E-8	-1.988726E-3
6.490000E-8	-2.576267E-3
6.500000E-8	-3.367650E-3
6.510000E-8	-4.342319E-3
6.520000E-8	-5.431755E-3
6.530000E-8	-6.510914E-3
6.540000E-8	-7.466740E-3
6.550000E-8	-8.157059E-3
6.560000E-8	-8.467103E-3
6.570000E-8	-8.376316E-3
6.580000E-8	-7.958357E-3
6.590000E-8	-7.286880E-3
6.600000E-8	-6.435544E-3
6.610000E-8	-5.478005E-3
6.620000E-8	-4.493059E-3
6.630000E-8	-3.562927E-3
6.640000E-8	-2.776683E-3
6.650000E-8	-2.247381E-3
6.660000E-8	-2.045253E-3
6.670000E-8	-2.184002E-3
6.680000E-8	-2.637934E-3
6.690000E-8	-3.352234E-3
6.700000E-8	-4.203570E-3
6.710000E-8	-5.111434E-3
6.720000E-8	-6.026149E-3
6.730000E-8	-6.874059E-3
6.740000E-8	-7.593498E-3
6.750000E-8	-8.143355E-3
6.760000E-8	-8.441408E-3
6.770000E-8	-8.402011E-3
6.780000E-8	-7.975486E-3
6.790000E-8	-7.221788E-3
6.800000E-8	-6.216286E-3
6.810000E-8	-5.143980E-3
6.820000E-8	-4.107645E-3
6.830000E-8	-3.239179E-3
6.840000E-8	-2.655063E-3
6.850000E-8	-2.386130E-3
6.860000E-8	-2.464926E-3
6.870000E-8	-2.862330E-3
6.880000E-8	-3.545797E-3
6.890000E-8	-4.383430E-3
6.900000E-8	-5.279303E-3
6.910000E-8	-6.116935E-3
6.920000E-8	-6.814106E-3
6.930000E-8	-7.310861E-3
6.940000E-8	-7.579795E-3
6.950000E-8	-7.668868E-3
6.960000E-8	-7.540397E-3
6.970000E-8	-7.247482E-3
6.980000E-8	-6.796976E-3
6.990000E-8	-6.221425E-3
7.000000E-8	-5.524255E-3
7.010000E-8	-4.775695E-3
7.020000E-8	-4.051117E-3
7.030000E-8	-3.444733E-3
7.040000E-8	-3.088440E-3
7.050000E-8	-2.980524E-3
7.060000E-8	-3.204920E-3
7.070000E-8	-3.662278E-3
7.080000E-8	-4.311486E-3
7.090000E-8	-5.066897E-3
7.100000E-8	-5.842863E-3
7.110000E-8	-6.562302E-3
7.120000E-8	-7.220075E-3
7.130000E-8	-7.737386E-3
7.140000E-8	-8.025162E-3
7.150000E-8	-8.030300E-3
7.160000E-8	-7.727108E-3
7.170000E-8	-7.137853E-3
7.180000E-8	-6.404711E-3
7.190000E-8	-5.601337E-3
7.200000E-8	-4.859630E-3
7.210000E-8	-4.198431E-3
7.220000E-8	-3.669130E-3
7.230000E-8	-3.288855E-3
7.240000E-8	-3.129550E-3
7.250000E-8	-3.215198E-3
7.260000E-8	-3.540658E-3
7.270000E-8	-4.121348E-3
7.280000E-8	-4.847639E-3
7.290000E-8	-5.620180E-3
7.300000E-8	-6.329341E-3
7.310000E-8	-6.887763E-3
7.320000E-8	-7.273177E-3
7.330000E-8	-7.470166E-3
7.340000E-8	-7.483869E-3
7.350000E-8	-7.319426E-3
7.360000E-8	-6.964846E-3
7.370000E-8	-6.423553E-3
7.380000E-8	-5.741799E-3
7.390000E-8	-4.994953E-3
7.400000E-8	-4.278940E-3
7.410000E-8	-3.686259E-3
7.420000E-8	-3.251170E-3
7.430000E-8	-3.040477E-3
7.440000E-8	-3.037051E-3
7.450000E-8	-3.215198E-3
7.460000E-8	-3.573204E-3
7.470000E-8	-4.069960E-3
7.480000E-8	-4.678057E-3
7.490000E-8	-5.313562E-3
7.500000E-8	-5.909668E-3
7.510000E-8	-6.384155E-3
7.520000E-8	-6.690773E-3
7.530000E-8	-6.774708E-3
7.540000E-8	-6.668505E-3
7.550000E-8	-6.392720E-3
7.560000E-8	-6.009019E-3
7.570000E-8	-5.541384E-3
7.580000E-8	-5.022360E-3
7.590000E-8	-4.438244E-3
7.600000E-8	-3.830147E-3
7.610000E-8	-3.258022E-3
7.620000E-8	-2.788673E-3
7.630000E-8	-2.487194E-3
7.640000E-8	-2.420389E-3
7.650000E-8	-2.564277E-3
7.660000E-8	-2.947978E-3
7.670000E-8	-3.478992E-3
7.680000E-8	-4.102506E-3
7.690000E-8	-4.684909E-3
7.700000E-8	-5.214211E-3
7.710000E-8	-5.639022E-3
7.720000E-8	-5.907955E-3
7.730000E-8	-5.947353E-3
7.740000E-8	-5.798327E-3
7.750000E-8	-5.445459E-3
7.760000E-8	-4.972685E-3
7.770000E-8	-4.446809E-3
7.780000E-8	-3.956905E-3
7.790000E-8	-3.520103E-3
7.800000E-8	-3.160383E-3
7.810000E-8	-2.922283E-3
7.820000E-8	-2.773257E-3
7.830000E-8	-2.745850E-3
7.840000E-8	-2.816080E-3
7.850000E-8	-3.001079E-3
7.860000E-8	-3.305984E-3
7.870000E-8	-3.703389E-3
7.880000E-8	-4.169311E-3
7.890000E-8	-4.616391E-3
7.900000E-8	-5.006944E-3
7.910000E-8	-5.258747E-3
7.920000E-8	-5.344395E-3
7.930000E-8	-5.287867E-3
7.940000E-8	-5.094304E-3
7.950000E-8	-4.782547E-3
7.960000E-8	-4.378291E-3
7.970000E-8	-3.927785E-3
7.980000E-8	-3.467001E-3
7.990000E-8	-3.061032E-3
8.000000E-8	-2.737285E-3
8.010000E-8	-2.548860E-3
8.020000E-8	-2.526592E-3
8.030000E-8	-2.687609E-3
8.040000E-8	-2.965107E-3
8.050000E-8	-3.331678E-3
8.060000E-8	-3.730796E-3
8.070000E-8	-4.188153E-3
8.080000E-8	-4.631808E-3
8.090000E-8	-5.029212E-3
8.100000E-8	-5.359811E-3
8.110000E-8	-5.565365E-3
8.120000E-8	-5.637309E-3
8.130000E-8	-5.534532E-3
8.140000E-8	-5.226201E-3
8.150000E-8	-4.784260E-3
8.160000E-8	-4.227551E-3
8.170000E-8	-3.679407E-3
8.180000E-8	-3.136402E-3
8.190000E-8	-2.723581E-3
8.200000E-8	-2.408398E-3
8.210000E-8	-2.266224E-3
8.220000E-8	-2.293631E-3
8.230000E-8	-2.487194E-3
8.240000E-8	-2.819506E-3
8.250000E-8	-3.305984E-3
8.260000E-8	-3.821582E-3
8.270000E-8	-4.349171E-3
8.280000E-8	-4.825371E-3
8.290000E-8	-5.186803E-3
8.300000E-8	-5.424903E-3
8.310000E-8	-5.570504E-3
8.320000E-8	-5.585921E-3
8.330000E-8	-5.426616E-3
8.340000E-8	-5.162822E-3
8.350000E-8	-4.789399E-3
8.360000E-8	-4.373152E-3
8.370000E-8	-3.982599E-3
8.380000E-8	-3.667417E-3
8.390000E-8	-3.410474E-3
8.400000E-8	-3.242605E-3
8.410000E-8	-3.160383E-3
8.420000E-8	-3.179226E-3
8.430000E-8	-3.341956E-3
8.440000E-8	-3.619454E-3
8.450000E-8	-4.001442E-3
8.460000E-8	-4.407411E-3
8.470000E-8	-4.825371E-3
8.480000E-8	-5.173100E-3
8.490000E-8	-5.406061E-3
8.500000E-8	-5.537958E-3
8.510000E-8	-5.527680E-3
8.520000E-8	-5.373515E-3
8.530000E-8	-5.111434E-3
8.540000E-8	-4.792825E-3
8.550000E-8	-4.427966E-3
8.560000E-8	-4.092228E-3
8.570000E-8	-3.833573E-3
8.580000E-8	-3.657139E-3
8.590000E-8	-3.571491E-3
8.600000E-8	-3.557788E-3
8.610000E-8	-3.619454E-3
8.620000E-8	-3.758203E-3
8.630000E-8	-3.984312E-3
8.640000E-8	-4.261810E-3
8.650000E-8	-4.597549E-3
8.660000E-8	-4.946990E-3
8.670000E-8	-5.257034E-3
8.680000E-8	-5.507125E-3
8.690000E-8	-5.666429E-3
8.700000E-8	-5.724670E-3
8.710000E-8	-5.651013E-3
8.720000E-8	-5.498560E-3
8.730000E-8	-5.233053E-3
8.740000E-8	-4.952129E-3
8.750000E-8	-4.660928E-3
8.760000E-8	-4.409124E-3
8.770000E-8	-4.195005E-3
8.780000E-8	-4.069960E-3
8.790000E-8	-4.003155E-3
8.800000E-8	-4.027136E-3
8.810000E-8	-4.073386E-3
8.820000E-8	-4.174450E-3
8.830000E-8	-4.320051E-3
8.840000E-8	-4.554725E-3
8.850000E-8	-4.847639E-3
8.860000E-8	-5.181665E-3
8.870000E-8	-5.466014E-3
8.880000E-8	-5.623606E-3
8.890000E-8	-5.639022E-3
8.900000E-8	-5.467727E-3
8.910000E-8	-5.178239E-3
8.920000E-8	-4.832223E-3
8.930000E-8	-4.508475E-3
8.940000E-8	-4.258384E-3
8.950000E-8	-4.107645E-3
8.960000E-8	-4.020284E-3
8.970000E-8	-3.970609E-3
8.980000E-8	-3.920933E-3
8.990000E-8	-3.836999E-3
9.000000E-8	-3.811304E-3
9.010000E-8	-3.821582E-3
9.020000E-8	-3.941489E-3
9.030000E-8	-4.138478E-3
9.040000E-8	-4.429679E-3
9.050000E-8	-4.755140E-3
9.060000E-8	-5.094304E-3
9.070000E-8	-5.318701E-3
9.080000E-8	-5.472866E-3
9.090000E-8	-5.472866E-3
9.100000E-8	-5.371802E-3
9.110000E-8	-5.171387E-3
9.120000E-8	-4.926435E-3
9.130000E-8	-4.662641E-3
9.140000E-8	-4.359448E-3
9.150000E-8	-4.107645E-3
9.160000E-8	-3.854128E-3
9.170000E-8	-3.650287E-3
9.180000E-8	-3.511538E-3
9.190000E-8	-3.458437E-3
9.200000E-8	-3.508112E-3
9.210000E-8	-3.641722E-3
9.220000E-8	-3.801027E-3
9.230000E-8	-3.967183E-3
9.240000E-8	-4.123061E-3
9.250000E-8	-4.224125E-3
9.260000E-8	-4.326902E-3
9.270000E-8	-4.433105E-3
9.280000E-8	-4.479355E-3
9.290000E-8	-4.484494E-3
9.300000E-8	-4.381717E-3
9.310000E-8	-4.227551E-3
9.320000E-8	-4.025423E-3
9.330000E-8	-3.845563E-3
9.340000E-8	-3.681120E-3
9.350000E-8	-3.557788E-3
9.360000E-8	-3.446446E-3
9.370000E-8	-3.340243E-3
9.380000E-8	-3.293994E-3
9.390000E-8	-3.304271E-3
9.400000E-8	-3.410474E-3
9.410000E-8	-3.607463E-3
9.420000E-8	-3.847276E-3
9.430000E-8	-4.057969E-3
9.440000E-8	-4.196718E-3
9.450000E-8	-4.254959E-3
9.460000E-8	-4.273801E-3
9.470000E-8	-4.290930E-3
9.480000E-8	-4.313199E-3
9.490000E-8	-4.347458E-3
9.500000E-8	-4.314912E-3
9.510000E-8	-4.215561E-3
9.520000E-8	-4.020284E-3
9.530000E-8	-3.742786E-3
9.540000E-8	-3.443020E-3
9.550000E-8	-3.191217E-3
9.560000E-8	-2.995940E-3
9.570000E-8	-2.935987E-3
9.580000E-8	-3.006218E-3
9.590000E-8	-3.222050E-3
9.600000E-8	-3.465289E-3
9.610000E-8	-3.672556E-3
9.620000E-8	-3.842138E-3
9.630000E-8	-3.919220E-3
9.640000E-8	-3.967183E-3
9.650000E-8	-3.968896E-3
9.660000E-8	-3.979174E-3
9.670000E-8	-3.939776E-3
9.680000E-8	-3.866119E-3
9.690000E-8	-3.746212E-3
9.700000E-8	-3.614315E-3
9.710000E-8	-3.485844E-3
9.720000E-8	-3.364224E-3
9.730000E-8	-3.222050E-3
9.740000E-8	-3.102143E-3
9.750000E-8	-2.992514E-3
9.760000E-8	-2.882886E-3
9.770000E-8	-2.786960E-3
9.780000E-8	-2.723581E-3
9.790000E-8	-2.778396E-3
9.800000E-8	-2.912006E-3
9.810000E-8	-3.105569E-3
9.820000E-8	-3.295706E-3
9.830000E-8	-3.422465E-3
9.840000E-8	-3.467001E-3
9.850000E-8	-3.405335E-3
9.860000E-8	-3.264873E-3
9.870000E-8	-3.120986E-3
9.880000E-8	-3.030199E-3
9.890000E-8	-2.992514E-3
9.900000E-8	-2.982237E-3
9.910000E-8	-2.971959E-3
9.920000E-8	-2.944552E-3
9.930000E-8	-2.946265E-3
9.940000E-8	-2.929135E-3
9.950000E-8	-2.923996E-3
9.960000E-8	-2.908580E-3
9.970000E-8	-2.930848E-3
9.980000E-8	-2.942839E-3
9.990000E-8	-2.994227E-3
1.000000E-7	-3.061032E-3
1.001000E-7	-3.146680E-3
1.002000E-7	-3.223763E-3
1.003000E-7	-3.288855E-3
1.004000E-7	-3.362512E-3
1.005000E-7	-3.413900E-3
1.006000E-7	-3.449872E-3
1.007000E-7	-3.439594E-3
1.008000E-7	-3.400196E-3
1.009000E-7	-3.326540E-3
1.010000E-7	-3.256309E-3
1.011000E-7	-3.237466E-3
1.012000E-7	-3.220337E-3
1.013000E-7	-3.220337E-3
1.014000E-7	-3.222050E-3
1.015000E-7	-3.179226E-3
1.016000E-7	-3.078162E-3
1.017000E-7	-2.992514E-3
1.018000E-7	-2.975385E-3
1.019000E-7	-3.055893E-3
1.020000E-7	-3.153532E-3
1.021000E-7	-3.242605E-3
1.022000E-7	-3.287142E-3
1.023000E-7	-3.299132E-3
1.024000E-7	-3.299132E-3
1.025000E-7	-3.317975E-3
1.026000E-7	-3.362512E-3
1.027000E-7	-3.456724E-3
1.028000E-7	-3.520103E-3
1.029000E-7	-3.528668E-3
1.030000E-7	-3.478992E-3
1.031000E-7	-3.403622E-3
1.032000E-7	-3.340243E-3
1.033000E-7	-3.276864E-3
1.034000E-7	-3.273438E-3
1.035000E-7	-3.285429E-3
1.036000E-7	-3.317975E-3
1.037000E-7	-3.383067E-3
1.038000E-7	-3.492696E-3
1.039000E-7	-3.667417E-3
1.040000E-7	-3.874684E-3
1.041000E-7	-4.049405E-3
1.042000E-7	-4.174450E-3
1.043000E-7	-4.171024E-3
1.044000E-7	-4.081951E-3
1.045000E-7	-3.936350E-3
1.046000E-7	-3.758203E-3
1.047000E-7	-3.604038E-3
1.048000E-7	-3.545797E-3
1.049000E-7	-3.545797E-3
1.050000E-7	-3.617741E-3
1.051000E-7	-3.706815E-3
1.052000E-7	-3.811304E-3
1.053000E-7	-3.908943E-3
1.054000E-7	-3.986025E-3
1.055000E-7	-4.057969E-3
1.056000E-7	-4.157320E-3
1.057000E-7	-4.229264E-3
1.058000E-7	-4.309773E-3
1.059000E-7	-4.371439E-3
1.060000E-7	-4.414263E-3
1.061000E-7	-4.422828E-3
1.062000E-7	-4.403985E-3
1.063000E-7	-4.385143E-3
1.064000E-7	-4.403985E-3
1.065000E-7	-4.426254E-3
1.066000E-7	-4.457087E-3
1.067000E-7	-4.469077E-3
1.068000E-7	-4.445096E-3
1.069000E-7	-4.400559E-3
1.070000E-7	-4.381717E-3
1.071000E-7	-4.409124E-3
1.072000E-7	-4.493059E-3
1.073000E-7	-4.571854E-3
1.074000E-7	-4.631808E-3
1.075000E-7	-4.647224E-3
1.076000E-7	-4.638659E-3
1.077000E-7	-4.600974E-3
1.078000E-7	-4.609539E-3
1.079000E-7	-4.645511E-3
1.080000E-7	-4.789399E-3
1.081000E-7	-4.955555E-3
1.082000E-7	-5.106295E-3
1.083000E-7	-5.188516E-3
1.084000E-7	-5.207359E-3
1.085000E-7	-5.123424E-3
1.086000E-7	-4.970972E-3
1.087000E-7	-4.789399E-3
1.088000E-7	-4.655789E-3
1.089000E-7	-4.614678E-3
1.090000E-7	-4.681483E-3
1.091000E-7	-4.864769E-3
1.092000E-7	-5.070323E-3
1.093000E-7	-5.263886E-3
1.094000E-7	-5.375228E-3
1.095000E-7	-5.390644E-3
1.096000E-7	-5.303284E-3
1.097000E-7	-5.209072E-3
1.098000E-7	-5.126850E-3
1.099000E-7	-5.053193E-3
1.100000E-7	-5.054906E-3
1.101000E-7	-5.080600E-3
1.102000E-7	-5.128563E-3
1.103000E-7	-5.155970E-3
1.104000E-7	-5.202220E-3
1.105000E-7	-5.251895E-3
1.106000E-7	-5.332404E-3
1.107000E-7	-5.411200E-3
1.108000E-7	-5.464301E-3
1.109000E-7	-5.457449E-3
1.110000E-7	-5.400922E-3
1.111000E-7	-5.282729E-3
1.112000E-7	-5.179952E-3
1.113000E-7	-5.135415E-3
1.114000E-7	-5.203933E-3
1.115000E-7	-5.330691E-3
1.116000E-7	-5.459162E-3
1.117000E-7	-5.512264E-3
1.118000E-7	-5.491708E-3
1.119000E-7	-5.406061E-3
1.120000E-7	-5.294719E-3
1.121000E-7	-5.219349E-3
1.122000E-7	-5.214211E-3
1.123000E-7	-5.238192E-3
1.124000E-7	-5.260460E-3
1.125000E-7	-5.255321E-3
1.126000E-7	-5.260460E-3
1.127000E-7	-5.279303E-3
1.128000E-7	-5.344395E-3
1.129000E-7	-5.399209E-3
1.130000E-7	-5.423190E-3
1.131000E-7	-5.394070E-3
1.132000E-7	-5.255321E-3
1.133000E-7	-5.096017E-3
1.134000E-7	-4.926435E-3
1.135000E-7	-4.835649E-3
1.136000E-7	-4.813380E-3
1.137000E-7	-4.885324E-3
1.138000E-7	-5.000092E-3
1.139000E-7	-5.090878E-3
1.140000E-7	-5.176526E-3
1.141000E-7	-5.222775E-3
1.142000E-7	-5.226201E-3
1.143000E-7	-5.193655E-3
1.144000E-7	-5.166248E-3
1.145000E-7	-5.125137E-3
1.146000E-7	-5.080600E-3
1.147000E-7	-5.027499E-3
1.148000E-7	-4.953842E-3
1.149000E-7	-4.895602E-3
1.150000E-7	-4.840787E-3
1.151000E-7	-4.789399E-3
1.152000E-7	-4.712316E-3
1.153000E-7	-4.609539E-3
1.154000E-7	-4.477642E-3
1.155000E-7	-4.366300E-3
1.156000E-7	-4.278940E-3
1.157000E-7	-4.253246E-3
1.158000E-7	-4.311486E-3
1.159000E-7	-4.398846E-3
1.160000E-7	-4.479355E-3
1.161000E-7	-4.534169E-3
1.162000E-7	-4.522179E-3
1.163000E-7	-4.462225E-3
1.164000E-7	-4.359448E-3
1.165000E-7	-4.242968E-3
1.166000E-7	-4.162459E-3
1.167000E-7	-4.092228E-3
1.168000E-7	-4.027136E-3
1.169000E-7	-3.956905E-3
1.170000E-7	-3.934637E-3
1.171000E-7	-3.950053E-3
1.172000E-7	-4.042553E-3
1.173000E-7	-4.164172E-3
1.174000E-7	-4.253246E-3
1.175000E-7	-4.278940E-3
1.176000E-7	-4.234403E-3
1.177000E-7	-4.105932E-3
1.178000E-7	-3.974035E-3
1.179000E-7	-3.888387E-3
1.180000E-7	-3.860980E-3
1.181000E-7	-3.878110E-3
1.182000E-7	-3.896952E-3
1.183000E-7	-3.890100E-3
1.184000E-7	-3.842138E-3
1.185000E-7	-3.804453E-3
1.186000E-7	-3.749638E-3
1.187000E-7	-3.730796E-3
1.188000E-7	-3.741074E-3
1.189000E-7	-3.715379E-3
1.190000E-7	-3.641722E-3
1.191000E-7	-3.523529E-3
1.192000E-7	-3.389919E-3
1.193000E-7	-3.288855E-3
1.194000E-7	-3.208346E-3
1.195000E-7	-3.175800E-3
1.196000E-7	-3.187791E-3
1.197000E-7	-3.252883E-3
1.198000E-7	-3.371076E-3
1.199000E-7	-3.518390E-3
1.200000E-7	-3.633158E-3
1.201000E-7	-3.684546E-3
1.202000E-7	-3.643435E-3
1.203000E-7	-3.547510E-3
1.204000E-7	-3.403622E-3
1.205000E-7	-3.278577E-3
1.206000E-7	-3.232327E-3
1.207000E-7	-3.270012E-3
1.208000E-7	-3.326540E-3
1.209000E-7	-3.396771E-3
1.210000E-7	-3.431030E-3
1.211000E-7	-3.460150E-3
1.212000E-7	-3.480705E-3
1.213000E-7	-3.490983E-3
1.214000E-7	-3.525242E-3
1.215000E-7	-3.535520E-3
1.216000E-7	-3.480705E-3
1.217000E-7	-3.353947E-3
1.218000E-7	-3.170661E-3
1.219000E-7	-2.997653E-3
1.220000E-7	-2.900015E-3
1.221000E-7	-2.923996E-3
1.222000E-7	-3.055893E-3
1.223000E-7	-3.227188E-3
1.224000E-7	-3.386493E-3
1.225000E-7	-3.499548E-3
1.226000E-7	-3.562927E-3
1.227000E-7	-3.604038E-3
1.228000E-7	-3.638297E-3
1.229000E-7	-3.679407E-3
1.230000E-7	-3.720518E-3
1.231000E-7	-3.718805E-3
1.232000E-7	-3.633158E-3
1.233000E-7	-3.444733E-3
1.234000E-7	-3.258022E-3
1.235000E-7	-3.127837E-3
1.236000E-7	-3.074736E-3
1.237000E-7	-3.105569E-3
1.238000E-7	-3.179226E-3
1.239000E-7	-3.223763E-3
1.240000E-7	-3.256309E-3
1.241000E-7	-3.242605E-3
1.242000E-7	-3.180939E-3
1.243000E-7	-3.134689E-3
1.244000E-7	-3.110708E-3
1.245000E-7	-3.144967E-3
1.246000E-7	-3.223763E-3
1.247000E-7	-3.360799E-3
1.248000E-7	-3.544084E-3
1.249000E-7	-3.725657E-3
1.250000E-7	-3.874684E-3
1.251000E-7	-3.946628E-3
1.252000E-7	-3.936350E-3
1.253000E-7	-3.876397E-3
1.254000E-7	-3.763342E-3
1.255000E-7	-3.663991E-3
1.256000E-7	-3.598899E-3
1.257000E-7	-3.578343E-3
1.258000E-7	-3.566353E-3
1.259000E-7	-3.554362E-3
1.260000E-7	-3.550936E-3
1.261000E-7	-3.528668E-3
1.262000E-7	-3.521816E-3
1.263000E-7	-3.586908E-3
1.264000E-7	-3.687972E-3
1.265000E-7	-3.809592E-3
1.266000E-7	-3.915794E-3
1.267000E-7	-3.984312E-3
1.268000E-7	-3.956905E-3
1.269000E-7	-3.902091E-3
1.270000E-7	-3.828434E-3
1.271000E-7	-3.773620E-3
1.272000E-7	-3.792462E-3
1.273000E-7	-3.862693E-3
1.274000E-7	-3.975748E-3
1.275000E-7	-4.100793E-3
1.276000E-7	-4.196718E-3
1.277000E-7	-4.234403E-3
1.278000E-7	-4.230977E-3
1.279000E-7	-4.234403E-3
1.280000E-7	-4.232690E-3
1.281000E-7	-4.251533E-3
1.282000E-7	-4.266949E-3
1.283000E-7	-4.265236E-3
1.284000E-7	-4.225838E-3
1.285000E-7	-4.153894E-3
1.286000E-7	-4.075099E-3
1.287000E-7	-4.016858E-3
1.288000E-7	-4.016858E-3
1.289000E-7	-4.073386E-3
1.290000E-7	-4.152182E-3
1.291000E-7	-4.230977E-3
1.292000E-7	-4.302921E-3
1.293000E-7	-4.354310E-3
1.294000E-7	-4.391995E-3
1.295000E-7	-4.424541E-3
1.296000E-7	-4.436531E-3
1.297000E-7	-4.409124E-3
1.298000E-7	-4.369726E-3
1.299000E-7	-4.325189E-3
1.300000E-7	-4.285792E-3
1.301000E-7	-4.249820E-3
1.302000E-7	-4.239542E-3
1.303000E-7	-4.198431E-3
1.304000E-7	-4.181302E-3
1.305000E-7	-4.189866E-3
1.306000E-7	-4.244681E-3
1.307000E-7	-4.314912E-3
1.308000E-7	-4.422828E-3
1.309000E-7	-4.559864E-3
1.310000E-7	-4.674631E-3
1.311000E-7	-4.772269E-3
1.312000E-7	-4.835649E-3
1.313000E-7	-4.851065E-3
1.314000E-7	-4.804815E-3
1.315000E-7	-4.727733E-3
1.316000E-7	-4.686622E-3
1.317000E-7	-4.684909E-3
1.318000E-7	-4.712316E-3
1.319000E-7	-4.750001E-3
1.320000E-7	-4.738010E-3
1.321000E-7	-4.669492E-3
1.322000E-7	-4.566715E-3
1.323000E-7	-4.457087E-3
1.324000E-7	-4.393707E-3
1.325000E-7	-4.393707E-3
1.326000E-7	-4.481068E-3
1.327000E-7	-4.616391E-3
1.328000E-7	-4.768844E-3
1.329000E-7	-4.859630E-3
1.330000E-7	-4.880185E-3
1.331000E-7	-4.856204E-3
1.332000E-7	-4.825371E-3
1.333000E-7	-4.815093E-3
1.334000E-7	-4.854491E-3
1.335000E-7	-4.924722E-3
1.336000E-7	-4.979536E-3
1.337000E-7	-4.982962E-3
1.338000E-7	-4.926435E-3
1.339000E-7	-4.820232E-3
1.340000E-7	-4.659215E-3
1.341000E-7	-4.561577E-3
1.342000E-7	-4.525605E-3
1.343000E-7	-4.559864E-3
1.344000E-7	-4.607826E-3
1.345000E-7	-4.669492E-3
1.346000E-7	-4.666067E-3
1.347000E-7	-4.657502E-3
1.348000E-7	-4.659215E-3
1.349000E-7	-4.686622E-3
1.350000E-7	-4.726020E-3
1.351000E-7	-4.758566E-3
1.352000E-7	-4.767131E-3
1.353000E-7	-4.744862E-3
1.354000E-7	-4.648937E-3
1.355000E-7	-4.551299E-3
1.356000E-7	-4.481068E-3
1.357000E-7	-4.469077E-3
1.358000E-7	-4.535882E-3
1.359000E-7	-4.630095E-3
1.360000E-7	-4.736297E-3
1.361000E-7	-4.744862E-3
1.362000E-7	-4.698613E-3
1.363000E-7	-4.604400E-3
1.364000E-7	-4.453661E-3
1.365000E-7	-4.314912E-3
1.366000E-7	-4.206996E-3
1.367000E-7	-4.196718E-3
1.368000E-7	-4.230977E-3
1.369000E-7	-4.249820E-3
1.370000E-7	-4.242968E-3
1.371000E-7	-4.184728E-3
1.372000E-7	-4.105932E-3
1.373000E-7	-4.040840E-3
1.374000E-7	-4.011720E-3
1.375000E-7	-4.010007E-3
1.376000E-7	-4.047692E-3
1.377000E-7	-4.114497E-3
1.378000E-7	-4.150469E-3
1.379000E-7	-4.123061E-3
1.380000E-7	-4.040840E-3
1.381000E-7	-3.932924E-3
1.382000E-7	-3.811304E-3
1.383000E-7	-3.722231E-3
1.384000E-7	-3.640009E-3
1.385000E-7	-3.583482E-3
1.386000E-7	-3.535520E-3
1.387000E-7	-3.520103E-3
1.388000E-7	-3.509825E-3
1.389000E-7	-3.496122E-3
1.390000E-7	-3.508112E-3
1.391000E-7	-3.556075E-3
1.392000E-7	-3.588621E-3
1.393000E-7	-3.609176E-3
1.394000E-7	-3.590334E-3
1.395000E-7	-3.547510E-3
1.396000E-7	-3.468714E-3
1.397000E-7	-3.407048E-3
1.398000E-7	-3.352234E-3
1.399000E-7	-3.305984E-3
1.400000E-7	-3.263160E-3
1.401000E-7	-3.239179E-3
1.402000E-7	-3.266586E-3
1.403000E-7	-3.311123E-3
1.404000E-7	-3.347095E-3
1.405000E-7	-3.371076E-3
1.406000E-7	-3.347095E-3
1.407000E-7	-3.244318E-3
1.408000E-7	-3.090152E-3
1.409000E-7	-2.942839E-3
1.410000E-7	-2.853765E-3
1.411000E-7	-2.869182E-3
1.412000E-7	-2.989088E-3
1.413000E-7	-3.129550E-3
1.414000E-7	-3.208346E-3
1.415000E-7	-3.210059E-3
1.416000E-7	-3.143254E-3
1.417000E-7	-3.038764E-3
1.418000E-7	-2.949691E-3
1.419000E-7	-2.879460E-3
1.420000E-7	-2.882886E-3
1.421000E-7	-2.932561E-3
1.422000E-7	-2.987375E-3
1.423000E-7	-3.028486E-3
1.424000E-7	-3.018209E-3
1.425000E-7	-2.987375E-3
1.426000E-7	-2.947978E-3
1.427000E-7	-2.901728E-3
1.428000E-7	-2.898302E-3
1.429000E-7	-2.941126E-3
1.430000E-7	-2.999366E-3
1.431000E-7	-3.086727E-3
1.432000E-7	-3.156958E-3
1.433000E-7	-3.235753E-3
1.434000E-7	-3.259735E-3
1.435000E-7	-3.244318E-3
1.436000E-7	-3.192929E-3
1.437000E-7	-3.098717E-3
1.438000E-7	-2.977098E-3
1.439000E-7	-2.901728E-3
1.440000E-7	-2.855478E-3
1.441000E-7	-2.848627E-3
1.442000E-7	-2.915432E-3
1.443000E-7	-2.977098E-3
1.444000E-7	-3.026773E-3
1.445000E-7	-3.030199E-3
1.446000E-7	-3.035338E-3
1.447000E-7	-3.038764E-3
1.448000E-7	-3.097004E-3
1.449000E-7	-3.230614E-3
1.450000E-7	-3.383067E-3
1.451000E-7	-3.526955E-3
1.452000E-7	-3.602325E-3
1.453000E-7	-3.586908E-3
1.454000E-7	-3.472140E-3
1.455000E-7	-3.319688E-3
1.456000E-7	-3.204920E-3
1.457000E-7	-3.144967E-3
1.458000E-7	-3.170661E-3
1.459000E-7	-3.240892E-3
1.460000E-7	-3.324827E-3
1.461000E-7	-3.420752E-3
1.462000E-7	-3.482418E-3
1.463000E-7	-3.501260E-3
1.464000E-7	-3.480705E-3
1.465000E-7	-3.431030E-3
1.466000E-7	-3.391632E-3
1.467000E-7	-3.331678E-3
1.468000E-7	-3.329965E-3
1.469000E-7	-3.359086E-3
1.470000E-7	-3.448159E-3
1.471000E-7	-3.566353E-3
1.472000E-7	-3.653713E-3
1.473000E-7	-3.682833E-3
1.474000E-7	-3.638297E-3
1.475000E-7	-3.561214E-3
1.476000E-7	-3.465289E-3
1.477000E-7	-3.388206E-3
1.478000E-7	-3.340243E-3
1.479000E-7	-3.374502E-3
1.480000E-7	-3.470427E-3
1.481000E-7	-3.598899E-3
1.482000E-7	-3.706815E-3
1.483000E-7	-3.727370E-3
1.484000E-7	-3.710240E-3
1.485000E-7	-3.631445E-3
1.486000E-7	-3.511538E-3
1.487000E-7	-3.381354E-3
1.488000E-7	-3.288855E-3
1.489000E-7	-3.252883E-3
1.490000E-7	-3.300845E-3
1.491000E-7	-3.482418E-3
1.492000E-7	-3.756490E-3
1.493000E-7	-4.064821E-3
1.494000E-7	-4.309773E-3
1.495000E-7	-4.458800E-3
1.496000E-7	-4.448522E-3
1.497000E-7	-4.380004E-3
1.498000E-7	-4.277227E-3
1.499000E-7	-4.179589E-3
1.500000E-7	-4.104219E-3
1.501000E-7	-4.068247E-3
1.502000E-7	-4.052830E-3
1.503000E-7	-4.037414E-3
1.504000E-7	-4.011720E-3
1.505000E-7	-4.006581E-3
1.506000E-7	-4.020284E-3
1.507000E-7	-4.075099E-3
1.508000E-7	-4.140191E-3
1.509000E-7	-4.206996E-3
1.510000E-7	-4.258384E-3
1.511000E-7	-4.272088E-3
1.512000E-7	-4.212135E-3
1.513000E-7	-4.136765E-3
1.514000E-7	-4.061395E-3
1.515000E-7	-4.013433E-3
1.516000E-7	-4.042553E-3
1.517000E-7	-4.141904E-3
1.518000E-7	-4.256671E-3
1.519000E-7	-4.359448E-3
1.520000E-7	-4.443383E-3
1.521000E-7	-4.436531E-3
1.522000E-7	-4.380004E-3
1.523000E-7	-4.275514E-3
1.524000E-7	-4.129913E-3
1.525000E-7	-4.004868E-3
1.526000E-7	-3.895239E-3
1.527000E-7	-3.878110E-3
1.528000E-7	-3.955192E-3
1.529000E-7	-4.056256E-3
1.530000E-7	-4.184728E-3
1.531000E-7	-4.304634E-3
1.532000E-7	-4.330328E-3
1.533000E-7	-4.311486E-3
1.534000E-7	-4.294356E-3
1.535000E-7	-4.308060E-3
1.536000E-7	-4.340606E-3
1.537000E-7	-4.369726E-3
1.538000E-7	-4.391995E-3
1.539000E-7	-4.405698E-3
1.540000E-7	-4.414263E-3
1.541000E-7	-4.436531E-3
1.542000E-7	-4.434818E-3
1.543000E-7	-4.397133E-3
1.544000E-7	-4.338893E-3
1.545000E-7	-4.309773E-3
1.546000E-7	-4.335467E-3
1.547000E-7	-4.376578E-3
1.548000E-7	-4.445096E-3
1.549000E-7	-4.496484E-3
1.550000E-7	-4.508475E-3
1.551000E-7	-4.465651E-3
1.552000E-7	-4.362874E-3
1.553000E-7	-4.241255E-3
1.554000E-7	-4.172737E-3
1.555000E-7	-4.145330E-3
1.556000E-7	-4.136765E-3
1.557000E-7	-4.155607E-3
1.558000E-7	-4.138478E-3
1.559000E-7	-4.111071E-3
1.560000E-7	-4.085376E-3
1.561000E-7	-4.068247E-3
1.562000E-7	-4.054543E-3
1.563000E-7	-4.075099E-3
1.564000E-7	-4.087089E-3
1.565000E-7	-4.152182E-3
1.566000E-7	-4.220700E-3
1.567000E-7	-4.270375E-3
1.568000E-7	-4.241255E-3
1.569000E-7	-4.140191E-3
1.570000E-7	-3.950053E-3
1.571000E-7	-3.739361E-3
1.572000E-7	-3.602325E-3
1.573000E-7	-3.561214E-3
1.574000E-7	-3.650287E-3
1.575000E-7	-3.806166E-3
1.576000E-7	-3.953479E-3
1.577000E-7	-4.047692E-3
1.578000E-7	-4.064821E-3
1.579000E-7	-3.950053E-3
1.580000E-7	-3.770194E-3
1.581000E-7	-3.602325E-3
1.582000E-7	-3.535520E-3
1.583000E-7	-3.569779E-3
1.584000E-7	-3.687972E-3
1.585000E-7	-3.828434E-3
1.586000E-7	-3.902091E-3
1.587000E-7	-3.896952E-3
1.588000E-7	-3.813017E-3
1.589000E-7	-3.657139E-3
1.590000E-7	-3.526955E-3
1.591000E-7	-3.456724E-3
1.592000E-7	-3.475566E-3
1.593000E-7	-3.571491E-3
1.594000E-7	-3.670843E-3
1.595000E-7	-3.723944E-3
1.596000E-7	-3.693111E-3
1.597000E-7	-3.598899E-3
1.598000E-7	-3.465289E-3
1.599000E-7	-3.376215E-3
1.600000E-7	-3.304271E-3
1.601000E-7	-3.254596E-3
1.602000E-7	-3.230614E-3
1.603000E-7	-3.220337E-3
1.604000E-7	-3.240892E-3
1.605000E-7	-3.319688E-3
1.606000E-7	-3.432742E-3
1.607000E-7	-3.576630E-3
1.608000E-7	-3.696537E-3
1.609000E-7	-3.741074E-3
1.610000E-7	-3.717092E-3
1.611000E-7	-3.674268E-3
1.612000E-7	-3.616028E-3
1.613000E-7	-3.566353E-3
1.614000E-7	-3.550936E-3
1.615000E-7	-3.532094E-3
1.616000E-7	-3.487557E-3
1.617000E-7	-3.420752E-3
1.618000E-7	-3.326540E-3
1.619000E-7	-3.230614E-3
1.620000E-7	-3.146680E-3
1.621000E-7	-3.083301E-3
1.622000E-7	-3.050755E-3
1.623000E-7	-3.074736E-3
1.624000E-7	-3.160383E-3
1.625000E-7	-3.247744E-3
1.626000E-7	-3.307697E-3
1.627000E-7	-3.295706E-3
1.628000E-7	-3.201494E-3
1.629000E-7	-3.030199E-3
1.630000E-7	-2.882886E-3
1.631000E-7	-2.800664E-3
1.632000E-7	-2.812655E-3
1.633000E-7	-2.896589E-3
1.634000E-7	-2.987375E-3
1.635000E-7	-3.071310E-3
1.636000E-7	-3.122699E-3
1.637000E-7	-3.124411E-3
1.638000E-7	-3.151819E-3
1.639000E-7	-3.138115E-3
1.640000E-7	-3.177513E-3
1.641000E-7	-3.204920E-3
1.642000E-7	-3.251170E-3
1.643000E-7	-3.254596E-3
1.644000E-7	-3.273438E-3
1.645000E-7	-3.285429E-3
1.646000E-7	-3.324827E-3
1.647000E-7	-3.353947E-3
1.648000E-7	-3.365937E-3
1.649000E-7	-3.353947E-3
1.650000E-7	-3.304271E-3
1.651000E-7	-3.237466E-3
1.652000E-7	-3.191217E-3
1.653000E-7	-3.158670E-3
1.654000E-7	-3.122699E-3
1.655000E-7	-3.126124E-3
1.656000E-7	-3.131263E-3
1.657000E-7	-3.175800E-3
1.658000E-7	-3.222050E-3
1.659000E-7	-3.287142E-3
1.660000E-7	-3.329965E-3
1.661000E-7	-3.340243E-3
1.662000E-7	-3.311123E-3
1.663000E-7	-3.261447E-3
1.664000E-7	-3.223763E-3
1.665000E-7	-3.249457E-3
1.666000E-7	-3.328253E-3
1.667000E-7	-3.424178E-3
1.668000E-7	-3.509825E-3
1.669000E-7	-3.544084E-3
1.670000E-7	-3.484131E-3
1.671000E-7	-3.371076E-3
1.672000E-7	-3.285429E-3
1.673000E-7	-3.285429E-3
1.674000E-7	-3.381354E-3
1.675000E-7	-3.485844E-3
1.676000E-7	-3.590334E-3
1.677000E-7	-3.640009E-3
1.678000E-7	-3.629732E-3
1.679000E-7	-3.556075E-3
1.680000E-7	-3.455011E-3
1.681000E-7	-3.352234E-3
1.682000E-7	-3.329965E-3
1.683000E-7	-3.381354E-3
1.684000E-7	-3.463576E-3
1.685000E-7	-3.511538E-3
1.686000E-7	-3.542371E-3
1.687000E-7	-3.523529E-3
1.688000E-7	-3.456724E-3
1.689000E-7	-3.374502E-3
1.690000E-7	-3.309410E-3
1.691000E-7	-3.297419E-3
1.692000E-7	-3.333391E-3
1.693000E-7	-3.377928E-3
1.694000E-7	-3.434455E-3
1.695000E-7	-3.475566E-3
1.696000E-7	-3.530381E-3
1.697000E-7	-3.576630E-3
1.698000E-7	-3.658852E-3
1.699000E-7	-3.751351E-3
1.700000E-7	-3.811304E-3
1.701000E-7	-3.848989E-3
1.702000E-7	-3.847276E-3
1.703000E-7	-3.751351E-3
1.704000E-7	-3.674268E-3
1.705000E-7	-3.616028E-3
1.706000E-7	-3.643435E-3
1.707000E-7	-3.741074E-3
1.708000E-7	-3.900378E-3
1.709000E-7	-4.040840E-3
1.710000E-7	-4.123061E-3
1.711000E-7	-4.135052E-3
1.712000E-7	-4.064821E-3
1.713000E-7	-3.943202E-3
1.714000E-7	-3.809592E-3
1.715000E-7	-3.725657E-3
1.716000E-7	-3.711953E-3
1.717000E-7	-3.766768E-3
1.718000E-7	-3.888387E-3
1.719000E-7	-4.037414E-3
1.720000E-7	-4.174450E-3
1.721000E-7	-4.301208E-3
1.722000E-7	-4.344032E-3
1.723000E-7	-4.326902E-3
1.724000E-7	-4.248107E-3
1.725000E-7	-4.164172E-3
1.726000E-7	-4.114497E-3
1.727000E-7	-4.135052E-3
1.728000E-7	-4.208709E-3
1.729000E-7	-4.311486E-3
1.730000E-7	-4.417689E-3
1.731000E-7	-4.517040E-3
1.732000E-7	-4.592410E-3
1.733000E-7	-4.612965E-3
1.734000E-7	-4.576993E-3
1.735000E-7	-4.475929E-3
1.736000E-7	-4.332041E-3
1.737000E-7	-4.206996E-3
1.738000E-7	-4.152182E-3
1.739000E-7	-4.184728E-3
1.740000E-7	-4.249820E-3
1.741000E-7	-4.321764E-3
1.742000E-7	-4.338893E-3
1.743000E-7	-4.301208E-3
1.744000E-7	-4.208709E-3
1.745000E-7	-4.075099E-3
1.746000E-7	-3.992877E-3
1.747000E-7	-3.999729E-3
1.748000E-7	-4.092228E-3
1.749000E-7	-4.195005E-3
1.750000E-7	-4.272088E-3
1.751000E-7	-4.251533E-3
1.752000E-7	-4.206996E-3
1.753000E-7	-4.109358E-3
1.754000E-7	-4.025423E-3
1.755000E-7	-3.975748E-3
1.756000E-7	-3.998016E-3
1.757000E-7	-4.044266E-3
1.758000E-7	-4.148756E-3
1.759000E-7	-4.230977E-3
1.760000E-7	-4.302921E-3
1.761000E-7	-4.323477E-3
1.762000E-7	-4.292643E-3
1.763000E-7	-4.218987E-3
1.764000E-7	-4.150469E-3
1.765000E-7	-4.097367E-3
1.766000E-7	-4.093941E-3
1.767000E-7	-4.116210E-3
1.768000E-7	-4.179589E-3
1.769000E-7	-4.213848E-3
1.770000E-7	-4.210422E-3
1.771000E-7	-4.200144E-3
1.772000E-7	-4.157320E-3
1.773000E-7	-4.141904E-3
1.774000E-7	-4.119635E-3
1.775000E-7	-4.093941E-3
1.776000E-7	-4.042553E-3
1.777000E-7	-3.979174E-3
1.778000E-7	-3.905517E-3
1.779000E-7	-3.855841E-3
1.780000E-7	-3.850702E-3
1.781000E-7	-3.934637E-3
1.782000E-7	-4.049405E-3
1.783000E-7	-4.162459E-3
1.784000E-7	-4.189866E-3
1.785000E-7	-4.131626E-3
1.786000E-7	-4.004868E-3
1.787000E-7	-3.866119E-3
1.788000E-7	-3.713666E-3
1.789000E-7	-3.612602E-3
1.790000E-7	-3.583482E-3
1.791000E-7	-3.624593E-3
1.792000E-7	-3.681120E-3
1.793000E-7	-3.718805E-3
1.794000E-7	-3.729083E-3
1.795000E-7	-3.753064E-3
1.796000E-7	-3.811304E-3
1.797000E-7	-3.857554E-3
1.798000E-7	-3.919220E-3
1.799000E-7	-3.963757E-3
1.800000E-7	-3.967183E-3
1.801000E-7	-3.938063E-3
1.802000E-7	-3.891813E-3
1.803000E-7	-3.886674E-3
1.804000E-7	-3.893526E-3
1.805000E-7	-3.920933E-3
1.806000E-7	-3.936350E-3
1.807000E-7	-3.943202E-3
1.808000E-7	-3.920933E-3
1.809000E-7	-3.866119E-3
1.810000E-7	-3.802740E-3
1.811000E-7	-3.751351E-3
1.812000E-7	-3.711953E-3
1.813000E-7	-3.696537E-3
1.814000E-7	-3.696537E-3
1.815000E-7	-3.674268E-3
1.816000E-7	-3.612602E-3
1.817000E-7	-3.523529E-3
1.818000E-7	-3.427604E-3
1.819000E-7	-3.348808E-3
1.820000E-7	-3.273438E-3
1.821000E-7	-3.252883E-3
1.822000E-7	-3.244318E-3
1.823000E-7	-3.234040E-3
1.824000E-7	-3.204920E-3
1.825000E-7	-3.151819E-3
1.826000E-7	-3.105569E-3
1.827000E-7	-3.103856E-3
1.828000E-7	-3.151819E-3
1.829000E-7	-3.211772E-3
1.830000E-7	-3.299132E-3
1.831000E-7	-3.335104E-3
1.832000E-7	-3.352234E-3
1.833000E-7	-3.353947E-3
1.834000E-7	-3.347095E-3
1.835000E-7	-3.352234E-3
1.836000E-7	-3.401909E-3
1.837000E-7	-3.467001E-3
1.838000E-7	-3.535520E-3
1.839000E-7	-3.607463E-3
1.840000E-7	-3.660565E-3
1.841000E-7	-3.691398E-3
1.842000E-7	-3.711953E-3
1.843000E-7	-3.747925E-3
1.844000E-7	-3.775333E-3
1.845000E-7	-3.785610E-3
1.846000E-7	-3.761629E-3
1.847000E-7	-3.696537E-3
1.848000E-7	-3.619454E-3
1.849000E-7	-3.544084E-3
1.850000E-7	-3.480705E-3
1.851000E-7	-3.449872E-3
1.852000E-7	-3.431030E-3
1.853000E-7	-3.453298E-3
1.854000E-7	-3.494409E-3
1.855000E-7	-3.544084E-3
1.856000E-7	-3.588621E-3
1.857000E-7	-3.609176E-3
1.858000E-7	-3.605750E-3
1.859000E-7	-3.619454E-3
1.860000E-7	-3.634871E-3
1.861000E-7	-3.646861E-3
1.862000E-7	-3.669130E-3
1.863000E-7	-3.672556E-3
1.864000E-7	-3.698250E-3
1.865000E-7	-3.686259E-3
1.866000E-7	-3.653713E-3
1.867000E-7	-3.641722E-3
1.868000E-7	-3.643435E-3
1.869000E-7	-3.705102E-3
1.870000E-7	-3.758203E-3
1.871000E-7	-3.845563E-3
1.872000E-7	-3.905517E-3
1.873000E-7	-3.919220E-3
1.874000E-7	-3.881535E-3
1.875000E-7	-3.804453E-3
1.876000E-7	-3.696537E-3
1.877000E-7	-3.593760E-3
1.878000E-7	-3.499548E-3
1.879000E-7	-3.455011E-3
1.880000E-7	-3.456724E-3
1.881000E-7	-3.544084E-3
1.882000E-7	-3.677694E-3
1.883000E-7	-3.852415E-3
1.884000E-7	-3.974035E-3
1.885000E-7	-4.015146E-3
1.886000E-7	-3.974035E-3
1.887000E-7	-3.864406E-3
1.888000E-7	-3.775333E-3
1.889000E-7	-3.742786E-3
1.890000E-7	-3.770194E-3
1.891000E-7	-3.819869E-3
1.892000E-7	-3.859267E-3
1.893000E-7	-3.830147E-3
1.894000E-7	-3.734222E-3
1.895000E-7	-3.574917E-3
1.896000E-7	-3.455011E-3
1.897000E-7	-3.405335E-3
1.898000E-7	-3.437881E-3
1.899000E-7	-3.549223E-3
1.900000E-7	-3.684546E-3
1.901000E-7	-3.828434E-3
1.902000E-7	-3.939776E-3
1.903000E-7	-3.989451E-3
1.904000E-7	-3.992877E-3
1.905000E-7	-3.970609E-3
1.906000E-7	-3.972322E-3
1.907000E-7	-4.032275E-3
1.908000E-7	-4.129913E-3
1.909000E-7	-4.232690E-3
1.910000E-7	-4.278940E-3
1.911000E-7	-4.260097E-3
1.912000E-7	-4.205283E-3
1.913000E-7	-4.157320E-3
1.914000E-7	-4.184728E-3
1.915000E-7	-4.244681E-3
1.916000E-7	-4.356023E-3
1.917000E-7	-4.421115E-3
1.918000E-7	-4.453661E-3
1.919000E-7	-4.412550E-3
1.920000E-7	-4.325189E-3
1.921000E-7	-4.251533E-3
1.922000E-7	-4.210422E-3
1.923000E-7	-4.227551E-3
1.924000E-7	-4.270375E-3
1.925000E-7	-4.302921E-3
1.926000E-7	-4.326902E-3
1.927000E-7	-4.280653E-3
1.928000E-7	-4.183015E-3
1.929000E-7	-4.051117E-3
1.930000E-7	-3.895239E-3
1.931000E-7	-3.753064E-3
1.932000E-7	-3.670843E-3
1.933000E-7	-3.648574E-3
1.934000E-7	-3.701676E-3
1.935000E-7	-3.789036E-3
1.936000E-7	-3.842138E-3
1.937000E-7	-3.850702E-3
1.938000E-7	-3.794175E-3
1.939000E-7	-3.742786E-3
1.940000E-7	-3.725657E-3
1.941000E-7	-3.777045E-3
1.942000E-7	-3.879822E-3
1.943000E-7	-4.025423E-3
1.944000E-7	-4.135052E-3
1.945000E-7	-4.186441E-3
1.946000E-7	-4.200144E-3
1.947000E-7	-4.167598E-3
1.948000E-7	-4.092228E-3
1.949000E-7	-4.039127E-3
1.950000E-7	-3.989451E-3
1.951000E-7	-3.974035E-3
1.952000E-7	-3.962044E-3
1.953000E-7	-3.958618E-3
1.954000E-7	-3.979174E-3
1.955000E-7	-4.020284E-3
1.956000E-7	-4.064821E-3
1.957000E-7	-4.119635E-3
1.958000E-7	-4.164172E-3
1.959000E-7	-4.189866E-3
1.960000E-7	-4.181302E-3
1.961000E-7	-4.140191E-3
1.962000E-7	-4.107645E-3
1.963000E-7	-4.112784E-3
1.964000E-7	-4.140191E-3
1.965000E-7	-4.198431E-3
1.966000E-7	-4.265236E-3
1.967000E-7	-4.323477E-3
1.968000E-7	-4.388569E-3
1.969000E-7	-4.412550E-3
1.970000E-7	-4.427966E-3
1.971000E-7	-4.436531E-3
1.972000E-7	-4.410837E-3
1.973000E-7	-4.361161E-3
1.974000E-7	-4.263523E-3
1.975000E-7	-4.119635E-3
1.976000E-7	-3.953479E-3
1.977000E-7	-3.850702E-3
1.978000E-7	-3.785610E-3
1.979000E-7	-3.794175E-3
1.980000E-7	-3.869545E-3
1.981000E-7	-3.972322E-3
1.982000E-7	-4.035701E-3
1.983000E-7	-4.066534E-3
1.984000E-7	-4.064821E-3
1.985000E-7	-4.021997E-3
1.986000E-7	-3.979174E-3
1.987000E-7	-3.994590E-3
1.988000E-7	-4.028849E-3
1.989000E-7	-4.085376E-3
1.990000E-7	-4.123061E-3
1.991000E-7	-4.111071E-3
1.992000E-7	-4.030562E-3
1.993000E-7	-3.924359E-3
1.994000E-7	-3.814730E-3
1.995000E-7	-3.749638E-3
1.996000E-7	-3.725657E-3
1.997000E-7	-3.775333E-3
1.998000E-7	-3.878110E-3
1.999000E-7	-3.974035E-3
2.000000E-7	-4.054543E-3
2.001000E-7	-4.085376E-3
