Study Name	Tungsten_Calibration
Sample Name	2025-04-28
Run Name	spot1
Operator	Angus
Date	4/28/2025
Time	6:31 PM
Sign	NEG
Grating Spacing	04.90um
Channel	3
Number Traces	10000
Files in Batch	1
Batch Number	1
dt	100.000001E-12
time stamp (ms)	6:31:45 PM
	
Time	Amplitude
0.000000E+0	-3.023368E-3
1.000000E-10	-3.049062E-3
2.000000E-10	-3.095312E-3
3.000000E-10	-3.144987E-3
4.000000E-10	-3.213505E-3
5.000000E-10	-3.264894E-3
6.000000E-10	-3.287162E-3
7.000000E-10	-3.246051E-3
8.000000E-10	-3.156978E-3
9.000000E-10	-3.055914E-3
1.000000E-9	-2.982257E-3
1.100000E-9	-2.924017E-3
1.200000E-9	-2.918878E-3
1.300000E-9	-2.944572E-3
1.400000E-9	-2.994248E-3
1.500000E-9	-3.040497E-3
1.600000E-9	-3.098738E-3
1.700000E-9	-3.163830E-3
1.800000E-9	-3.251190E-3
1.900000E-9	-3.311143E-3
2.000000E-9	-3.307717E-3
2.100000E-9	-3.191237E-3
2.200000E-9	-3.002812E-3
2.300000E-9	-2.792119E-3
2.400000E-9	-2.670500E-3
2.500000E-9	-2.655083E-3
2.600000E-9	-2.766425E-3
2.700000E-9	-2.936007E-3
2.800000E-9	-3.093599E-3
2.900000E-9	-3.168968E-3
3.000000E-9	-3.139848E-3
3.100000E-9	-3.042210E-3
3.200000E-9	-2.936007E-3
3.300000E-9	-2.865776E-3
3.400000E-9	-2.874341E-3
3.500000E-9	-2.898322E-3
3.600000E-9	-2.929155E-3
3.700000E-9	-2.913739E-3
3.800000E-9	-2.884619E-3
3.900000E-9	-2.845221E-3
4.000000E-9	-2.894896E-3
4.100000E-9	-2.973692E-3
4.200000E-9	-3.090173E-3
4.300000E-9	-3.191237E-3
4.400000E-9	-3.266607E-3
4.500000E-9	-3.287162E-3
4.600000E-9	-3.242625E-3
4.700000E-9	-3.156978E-3
4.800000E-9	-3.074756E-3
4.900000E-9	-2.997673E-3
5.000000E-9	-2.958276E-3
5.100000E-9	-2.959989E-3
5.200000E-9	-3.002812E-3
5.300000E-9	-3.037071E-3
5.400000E-9	-3.081608E-3
5.500000E-9	-3.131284E-3
5.600000E-9	-3.153552E-3
5.700000E-9	-3.124432E-3
5.800000E-9	-3.069617E-3
5.900000E-9	-3.014803E-3
6.000000E-9	-3.014803E-3
6.100000E-9	-2.995960E-3
6.200000E-9	-3.018229E-3
6.300000E-9	-2.994248E-3
6.400000E-9	-2.963414E-3
6.500000E-9	-2.846934E-3
6.600000E-9	-2.757860E-3
6.700000E-9	-2.713324E-3
6.800000E-9	-2.805823E-3
6.900000E-9	-2.982257E-3
7.000000E-9	-3.203227E-3
7.100000E-9	-3.345402E-3
7.200000E-9	-3.401930E-3
7.300000E-9	-3.359106E-3
7.400000E-9	-3.270033E-3
7.500000E-9	-3.191237E-3
7.600000E-9	-3.192950E-3
7.700000E-9	-3.227209E-3
7.800000E-9	-3.312856E-3
7.900000E-9	-3.336838E-3
8.000000E-9	-3.324847E-3
8.100000E-9	-3.220357E-3
8.200000E-9	-3.136422E-3
8.300000E-9	-3.050775E-3
8.400000E-9	-3.009664E-3
8.500000E-9	-2.953137E-3
8.600000E-9	-2.922304E-3
8.700000E-9	-2.858924E-3
8.800000E-9	-2.828091E-3
8.900000E-9	-2.805823E-3
9.000000E-9	-2.857212E-3
9.100000E-9	-2.925730E-3
9.200000E-9	-3.014803E-3
9.300000E-9	-3.021655E-3
9.400000E-9	-3.016516E-3
9.500000E-9	-2.968553E-3
9.600000E-9	-2.956563E-3
9.700000E-9	-2.966840E-3
9.800000E-9	-3.009664E-3
9.900000E-9	-3.025081E-3
1.000000E-8	-3.052488E-3
1.010000E-8	-3.057627E-3
1.020000E-8	-3.093599E-3
1.030000E-8	-3.121006E-3
1.040000E-8	-3.211792E-3
1.050000E-8	-3.246051E-3
1.060000E-8	-3.251190E-3
1.070000E-8	-3.179246E-3
1.080000E-8	-3.107302E-3
1.090000E-8	-3.028507E-3
1.100000E-8	-3.011377E-3
1.110000E-8	-3.018229E-3
1.120000E-8	-3.086747E-3
1.130000E-8	-3.131284E-3
1.140000E-8	-3.163830E-3
1.150000E-8	-3.141561E-3
1.160000E-8	-3.097025E-3
1.170000E-8	-3.019942E-3
1.180000E-8	-2.941146E-3
1.190000E-8	-2.845221E-3
1.200000E-8	-2.828091E-3
1.210000E-8	-2.841795E-3
1.220000E-8	-2.900035E-3
1.230000E-8	-2.949711E-3
1.240000E-8	-2.977118E-3
1.250000E-8	-2.980544E-3
1.260000E-8	-2.971979E-3
1.270000E-8	-2.985683E-3
1.280000E-8	-3.028507E-3
1.290000E-8	-3.100450E-3
1.300000E-8	-3.194663E-3
1.310000E-8	-3.263181E-3
1.320000E-8	-3.306004E-3
1.330000E-8	-3.302579E-3
1.340000E-8	-3.306004E-3
1.350000E-8	-3.316282E-3
1.360000E-8	-3.331699E-3
1.370000E-8	-3.300866E-3
1.380000E-8	-3.228922E-3
1.390000E-8	-3.121006E-3
1.400000E-8	-3.011377E-3
1.410000E-8	-2.946285E-3
1.420000E-8	-2.910313E-3
1.430000E-8	-2.900035E-3
1.440000E-8	-2.896609E-3
1.450000E-8	-2.879480E-3
1.460000E-8	-2.824665E-3
1.470000E-8	-2.764712E-3
1.480000E-8	-2.733879E-3
1.490000E-8	-2.759573E-3
1.500000E-8	-2.850360E-3
1.510000E-8	-2.973692E-3
1.520000E-8	-3.150126E-3
1.530000E-8	-3.263181E-3
1.540000E-8	-3.316282E-3
1.550000E-8	-3.282023E-3
1.560000E-8	-3.215218E-3
1.570000E-8	-3.097025E-3
1.580000E-8	-3.018229E-3
1.590000E-8	-2.989109E-3
1.600000E-8	-3.007951E-3
1.610000E-8	-3.018229E-3
1.620000E-8	-2.994248E-3
1.630000E-8	-2.900035E-3
1.640000E-8	-2.797258E-3
1.650000E-8	-2.703046E-3
1.660000E-8	-2.706472E-3
1.670000E-8	-2.774990E-3
1.680000E-8	-2.951424E-3
1.690000E-8	-3.115867E-3
1.700000E-8	-3.271745E-3
1.710000E-8	-3.319708E-3
1.720000E-8	-3.297440E-3
1.730000E-8	-3.208366E-3
1.740000E-8	-3.141561E-3
1.750000E-8	-3.102163E-3
1.760000E-8	-3.139848E-3
1.770000E-8	-3.223783E-3
1.780000E-8	-3.311143E-3
1.790000E-8	-3.374522E-3
1.800000E-8	-3.403643E-3
1.810000E-8	-3.353967E-3
1.820000E-8	-3.268320E-3
1.830000E-8	-3.150126E-3
1.840000E-8	-3.049062E-3
1.850000E-8	-2.918878E-3
1.860000E-8	-2.798971E-3
1.870000E-8	-2.687629E-3
1.880000E-8	-2.617399E-3
1.890000E-8	-2.612260E-3
1.900000E-8	-2.715037E-3
1.910000E-8	-2.867489E-3
1.920000E-8	-3.069617E-3
1.930000E-8	-3.230635E-3
1.940000E-8	-3.295727E-3
1.950000E-8	-3.232348E-3
1.960000E-8	-3.074756E-3
1.970000E-8	-2.834943E-3
1.980000E-8	-2.622537E-3
1.990000E-8	-2.495779E-3
2.000000E-8	-2.497492E-3
2.010000E-8	-2.574575E-3
2.020000E-8	-2.713324E-3
2.030000E-8	-2.816101E-3
2.040000E-8	-2.870915E-3
2.050000E-8	-2.846934E-3
2.060000E-8	-2.795545E-3
2.070000E-8	-2.723601E-3
2.080000E-8	-2.680778E-3
2.090000E-8	-2.634528E-3
2.100000E-8	-2.632815E-3
2.110000E-8	-2.637954E-3
2.120000E-8	-2.661935E-3
2.130000E-8	-2.675639E-3
2.140000E-8	-2.720176E-3
2.150000E-8	-2.749296E-3
2.160000E-8	-2.838369E-3
2.170000E-8	-2.910313E-3
2.180000E-8	-2.992535E-3
2.190000E-8	-3.037071E-3
2.200000E-8	-3.045636E-3
2.210000E-8	-2.999386E-3
2.220000E-8	-2.934294E-3
2.230000E-8	-2.810962E-3
2.240000E-8	-2.697907E-3
2.250000E-8	-2.601982E-3
2.260000E-8	-2.569436E-3
2.270000E-8	-2.574575E-3
2.280000E-8	-2.643093E-3
2.290000E-8	-2.720176E-3
2.300000E-8	-2.814388E-3
2.310000E-8	-2.829804E-3
2.320000E-8	-2.822953E-3
2.330000E-8	-2.756147E-3
2.340000E-8	-2.682491E-3
2.350000E-8	-2.584852E-3
2.360000E-8	-2.545455E-3
2.370000E-8	-2.497492E-3
2.380000E-8	-2.504344E-3
2.390000E-8	-2.519760E-3
2.400000E-8	-2.564297E-3
2.410000E-8	-2.680778E-3
2.420000E-8	-2.886332E-3
2.430000E-8	-3.222070E-3
2.440000E-8	-3.759936E-3
2.450000E-8	-4.553032E-3
2.460000E-8	-5.734968E-3
2.470000E-8	-7.389677E-3
2.480000E-8	-9.649059E-3
2.490000E-8	-1.252339E-2
2.500000E-8	-1.589619E-2
2.510000E-8	-1.955334E-2
2.520000E-8	-2.319849E-2
2.530000E-8	-2.656958E-2
2.540000E-8	-2.942507E-2
2.550000E-8	-3.153542E-2
2.560000E-8	-3.270023E-2
2.570000E-8	-3.284583E-2
2.580000E-8	-3.192769E-2
2.590000E-8	-3.005715E-2
2.600000E-8	-2.739180E-2
2.610000E-8	-2.413376E-2
2.620000E-8	-2.068731E-2
2.630000E-8	-1.747724E-2
2.640000E-8	-1.499346E-2
2.650000E-8	-1.349977E-2
2.660000E-8	-1.310922E-2
2.670000E-8	-1.374130E-2
2.680000E-8	-1.522642E-2
2.690000E-8	-1.723743E-2
2.700000E-8	-1.940431E-2
2.710000E-8	-2.147869E-2
2.720000E-8	-2.328243E-2
2.730000E-8	-2.464765E-2
2.740000E-8	-2.548528E-2
2.750000E-8	-2.567542E-2
2.760000E-8	-2.519922E-2
2.770000E-8	-2.396590E-2
2.780000E-8	-2.204225E-2
2.790000E-8	-1.949167E-2
2.800000E-8	-1.663961E-2
2.810000E-8	-1.380125E-2
2.820000E-8	-1.138085E-2
2.830000E-8	-9.625077E-3
2.840000E-8	-8.760037E-3
2.850000E-8	-8.796009E-3
2.860000E-8	-9.707299E-3
2.870000E-8	-1.129863E-2
2.880000E-8	-1.337644E-2
2.890000E-8	-1.564952E-2
2.900000E-8	-1.786265E-2
2.910000E-8	-1.973491E-2
2.920000E-8	-2.106073E-2
2.930000E-8	-2.167911E-2
2.940000E-8	-2.155920E-2
2.950000E-8	-2.071814E-2
2.960000E-8	-1.916450E-2
2.970000E-8	-1.699076E-2
2.980000E-8	-1.441791E-2
2.990000E-8	-1.169603E-2
3.000000E-8	-9.131748E-3
3.010000E-8	-7.033384E-3
3.020000E-8	-5.734968E-3
3.030000E-8	-5.325573E-3
3.040000E-8	-5.872004E-3
3.050000E-8	-7.204679E-3
3.060000E-8	-9.126609E-3
3.070000E-8	-1.132775E-2
3.080000E-8	-1.357857E-2
3.090000E-8	-1.557758E-2
3.100000E-8	-1.715863E-2
3.110000E-8	-1.810247E-2
3.120000E-8	-1.838853E-2
3.130000E-8	-1.797742E-2
3.140000E-8	-1.689141E-2
3.150000E-8	-1.515619E-2
3.160000E-8	-1.290024E-2
3.170000E-8	-1.028628E-2
3.180000E-8	-7.670601E-3
3.190000E-8	-5.320434E-3
3.200000E-8	-3.616048E-3
3.210000E-8	-2.706472E-3
3.220000E-8	-2.778416E-3
3.230000E-8	-3.746233E-3
3.240000E-8	-5.472886E-3
3.250000E-8	-7.674027E-3
3.260000E-8	-1.007216E-2
3.270000E-8	-1.236408E-2
3.280000E-8	-1.432199E-2
3.290000E-8	-1.574202E-2
3.300000E-8	-1.644604E-2
3.310000E-8	-1.635697E-2
3.320000E-8	-1.548508E-2
3.330000E-8	-1.388861E-2
3.340000E-8	-1.179196E-2
3.350000E-8	-9.354431E-3
3.360000E-8	-6.858663E-3
3.370000E-8	-4.582152E-3
3.380000E-8	-2.785268E-3
3.390000E-8	-1.639304E-3
3.400000E-8	-1.327547E-3
3.410000E-8	-1.897960E-3
3.420000E-8	-3.328273E-3
3.430000E-8	-5.402655E-3
3.440000E-8	-7.860739E-3
3.450000E-8	-1.038049E-2
3.460000E-8	-1.270496E-2
3.470000E-8	-1.443504E-2
3.480000E-8	-1.548165E-2
3.490000E-8	-1.558272E-2
3.500000E-8	-1.477763E-2
3.510000E-8	-1.315547E-2
3.520000E-8	-1.093891E-2
3.530000E-8	-8.414022E-3
3.540000E-8	-5.854874E-3
3.550000E-8	-3.571512E-3
3.560000E-8	-1.742081E-3
3.570000E-8	-5.138959E-4
3.580000E-8	-2.570511E-5
3.590000E-8	-3.580174E-4
3.600000E-8	-1.531388E-3
3.610000E-8	-3.419059E-3
3.620000E-8	-5.883994E-3
3.630000E-8	-8.552770E-3
3.640000E-8	-1.111192E-2
3.650000E-8	-1.318801E-2
3.660000E-8	-1.455323E-2
3.670000E-8	-1.502430E-2
3.680000E-8	-1.458578E-2
3.690000E-8	-1.328736E-2
3.700000E-8	-1.131576E-2
3.710000E-8	-8.886796E-3
3.720000E-8	-6.235149E-3
3.730000E-8	-3.715400E-3
3.740000E-8	-1.608471E-3
3.750000E-8	-1.490375E-4
3.760000E-8	5.018835E-4
3.770000E-8	2.774871E-4
3.780000E-8	-7.691254E-4
3.790000E-8	-2.466659E-3
3.800000E-8	-4.664374E-3
3.810000E-8	-7.076208E-3
3.820000E-8	-9.476051E-3
3.830000E-8	-1.155386E-2
3.840000E-8	-1.306639E-2
3.850000E-8	-1.382694E-2
3.860000E-8	-1.373102E-2
3.870000E-8	-1.279061E-2
3.880000E-8	-1.110678E-2
3.890000E-8	-8.862814E-3
3.900000E-8	-6.348204E-3
3.910000E-8	-3.847297E-3
3.920000E-8	-1.687267E-3
3.930000E-8	-6.510296E-5
3.940000E-8	8.119275E-4
3.950000E-8	8.992879E-4
3.960000E-8	1.438769E-4
3.970000E-8	-1.365232E-3
3.980000E-8	-3.451605E-3
3.990000E-8	-5.801773E-3
4.000000E-8	-8.131385E-3
4.010000E-8	-1.017493E-2
4.020000E-8	-1.173372E-2
4.030000E-8	-1.264330E-2
4.040000E-8	-1.292079E-2
4.050000E-8	-1.250283E-2
4.060000E-8	-1.146821E-2
4.070000E-8	-9.825492E-3
4.080000E-8	-7.733980E-3
4.090000E-8	-5.406081E-3
4.100000E-8	-3.132997E-3
4.110000E-8	-1.205928E-3
4.120000E-8	7.364599E-5
4.130000E-8	5.344296E-4
4.140000E-8	9.934025E-5
4.150000E-8	-1.152826E-3
4.160000E-8	-3.009664E-3
4.170000E-8	-5.186824E-3
4.180000E-8	-7.442779E-3
4.190000E-8	-9.472625E-3
4.200000E-8	-1.112220E-2
4.210000E-8	-1.222362E-2
4.220000E-8	-1.274607E-2
4.230000E-8	-1.257135E-2
4.240000E-8	-1.173714E-2
4.250000E-8	-1.025544E-2
4.260000E-8	-8.282124E-3
4.270000E-8	-5.995336E-3
4.280000E-8	-3.766788E-3
4.290000E-8	-1.810599E-3
4.300000E-8	-4.333872E-4
4.310000E-8	2.552187E-4
4.320000E-8	1.027661E-4
4.330000E-8	-7.913938E-4
4.340000E-8	-2.355317E-3
4.350000E-8	-4.368033E-3
4.360000E-8	-6.618850E-3
4.370000E-8	-8.831981E-3
4.380000E-8	-1.076933E-2
4.390000E-8	-1.217052E-2
4.400000E-8	-1.291223E-2
4.410000E-8	-1.287283E-2
4.420000E-8	-1.209001E-2
4.430000E-8	-1.066312E-2
4.440000E-8	-8.778880E-3
4.450000E-8	-6.634266E-3
4.460000E-8	-4.513634E-3
4.470000E-8	-2.637954E-3
4.480000E-8	-1.231622E-3
4.490000E-8	-3.802858E-4
4.500000E-8	-2.295462E-4
4.510000E-8	-7.554218E-4
4.520000E-8	-1.957913E-3
4.530000E-8	-3.667437E-3
4.540000E-8	-5.722977E-3
4.550000E-8	-7.824767E-3
4.560000E-8	-9.722715E-3
4.570000E-8	-1.117187E-2
4.580000E-8	-1.202149E-2
4.590000E-8	-1.216367E-2
4.600000E-8	-1.160696E-2
4.610000E-8	-1.043016E-2
4.620000E-8	-8.775454E-3
4.630000E-8	-6.834682E-3
4.640000E-8	-4.839095E-3
4.650000E-8	-2.987396E-3
4.660000E-8	-1.495416E-3
4.670000E-8	-4.967664E-4
4.680000E-8	-8.051951E-5
4.690000E-8	-2.723699E-4
4.700000E-8	-1.091160E-3
4.710000E-8	-2.452955E-3
4.720000E-8	-4.232710E-3
4.730000E-8	-6.233436E-3
4.740000E-8	-8.237588E-3
4.750000E-8	-9.953964E-3
4.760000E-8	-1.118386E-2
4.770000E-8	-1.167890E-2
4.780000E-8	-1.146821E-2
4.790000E-8	-1.056720E-2
4.800000E-8	-9.109479E-3
4.810000E-8	-7.280049E-3
4.820000E-8	-5.310156E-3
4.830000E-8	-3.355680E-3
4.840000E-8	-1.663285E-3
4.850000E-8	-3.580174E-4
4.860000E-8	3.528569E-4
4.870000E-8	3.323015E-4
4.880000E-8	-4.025541E-4
4.890000E-8	-1.757498E-3
4.900000E-8	-3.574938E-3
4.910000E-8	-5.546543E-3
4.920000E-8	-7.449631E-3
4.930000E-8	-9.039248E-3
4.940000E-8	-1.017836E-2
4.950000E-8	-1.076076E-2
4.960000E-8	-1.076933E-2
4.970000E-8	-1.017322E-2
4.980000E-8	-8.967304E-3
4.990000E-8	-7.233799E-3
5.000000E-8	-5.149139E-3
5.010000E-8	-2.965127E-3
5.020000E-8	-9.678276E-4
5.030000E-8	5.806792E-4
5.040000E-8	1.426877E-3
5.050000E-8	1.533079E-3
5.060000E-8	8.838714E-4
5.070000E-8	-3.049160E-4
5.080000E-8	-1.894534E-3
5.090000E-8	-3.624613E-3
5.100000E-8	-5.373535E-3
5.110000E-8	-6.970005E-3
5.120000E-8	-8.278698E-3
5.130000E-8	-9.118044E-3
5.140000E-8	-9.400681E-3
5.150000E-8	-9.004989E-3
5.160000E-8	-8.020043E-3
5.170000E-8	-6.536628E-3
5.180000E-8	-4.732892E-3
5.190000E-8	-2.882906E-3
5.200000E-8	-1.159678E-3
5.210000E-8	2.637835E-4
5.220000E-8	1.205906E-3
5.230000E-8	1.658125E-3
5.240000E-8	1.493682E-3
5.250000E-8	7.708167E-4
5.260000E-8	-4.710721E-4
5.270000E-8	-2.069255E-3
5.280000E-8	-3.837019E-3
5.290000E-8	-5.515710E-3
5.300000E-8	-6.913477E-3
5.310000E-8	-7.829906E-3
5.320000E-8	-8.175921E-3
5.330000E-8	-7.886433E-3
5.340000E-8	-7.036810E-3
5.350000E-8	-5.745245E-3
5.360000E-8	-4.124795E-3
5.370000E-8	-2.310780E-3
5.380000E-8	-5.430160E-4
5.390000E-8	1.034611E-3
5.400000E-8	2.190852E-3
5.410000E-8	2.814366E-3
5.420000E-8	2.800662E-3
5.430000E-8	2.184000E-3
5.440000E-8	1.051740E-3
5.450000E-8	-4.333872E-4
5.460000E-8	-2.106939E-3
5.470000E-8	-3.734242E-3
5.480000E-8	-5.138861E-3
5.490000E-8	-6.137511E-3
5.500000E-8	-6.680516E-3
5.510000E-8	-6.659961E-3
5.520000E-8	-6.103252E-3
5.530000E-8	-5.032658E-3
5.540000E-8	-3.610910E-3
5.550000E-8	-1.995598E-3
5.560000E-8	-3.785728E-4
5.570000E-8	1.094564E-3
5.580000E-8	2.235389E-3
5.590000E-8	2.939411E-3
5.600000E-8	3.174086E-3
5.610000E-8	2.929134E-3
5.620000E-8	2.192565E-3
5.630000E-8	1.080861E-3
5.640000E-8	-3.391750E-4
5.650000E-8	-1.839719E-3
5.660000E-8	-3.292301E-3
5.670000E-8	-4.477662E-3
5.680000E-8	-5.258768E-3
5.690000E-8	-5.479738E-3
5.700000E-8	-5.200527E-3
5.710000E-8	-4.398867E-3
5.720000E-8	-3.213505E-3
5.730000E-8	-1.757498E-3
5.740000E-8	-1.832965E-4
5.750000E-8	1.341229E-3
5.760000E-8	2.579692E-3
5.770000E-8	3.437880E-3
5.780000E-8	3.754776E-3
5.790000E-8	3.516676E-3
5.800000E-8	2.744135E-3
5.810000E-8	1.562200E-3
5.820000E-8	1.335992E-4
5.830000E-8	-1.358380E-3
5.840000E-8	-2.735592E-3
5.850000E-8	-3.828454E-3
5.860000E-8	-4.532477E-3
5.870000E-8	-4.765438E-3
5.880000E-8	-4.577013E-3
5.890000E-8	-4.004888E-3
5.900000E-8	-3.083321E-3
5.910000E-8	-1.877404E-3
5.920000E-8	-5.498678E-4
5.930000E-8	8.067886E-4
5.940000E-8	2.036687E-3
5.950000E-8	3.007929E-3
5.960000E-8	3.547509E-3
5.970000E-8	3.564638E-3
5.980000E-8	3.052466E-3
5.990000E-8	2.046964E-3
6.000000E-8	6.868821E-4
6.010000E-8	-8.342175E-4
6.020000E-8	-2.358743E-3
6.030000E-8	-3.670863E-3
6.040000E-8	-4.666087E-3
6.050000E-8	-5.215944E-3
6.060000E-8	-5.315295E-3
6.070000E-8	-4.933307E-3
6.080000E-8	-4.148776E-3
6.090000E-8	-3.045636E-3
6.100000E-8	-1.740368E-3
6.110000E-8	-3.922764E-4
6.120000E-8	8.804455E-4
6.130000E-8	1.939049E-3
6.140000E-8	2.624229E-3
6.150000E-8	2.862329E-3
6.160000E-8	2.567701E-3
6.170000E-8	1.793448E-3
6.180000E-8	6.320677E-4
6.190000E-8	-7.639866E-4
6.200000E-8	-2.249114E-3
6.210000E-8	-3.578364E-3
6.220000E-8	-4.640393E-3
6.230000E-8	-5.323860E-3
6.240000E-8	-5.620200E-3
6.250000E-8	-5.438627E-3
6.260000E-8	-4.842521E-3
6.270000E-8	-3.890120E-3
6.280000E-8	-2.781842E-3
6.290000E-8	-1.572499E-3
6.300000E-8	-4.590815E-4
6.310000E-8	4.282267E-4
6.320000E-8	1.000352E-3
6.330000E-8	1.197341E-3
6.340000E-8	9.575282E-4
6.350000E-8	3.254497E-4
6.360000E-8	-6.475060E-4
6.370000E-8	-1.819164E-3
6.380000E-8	-3.066191E-3
6.390000E-8	-4.260118E-3
6.400000E-8	-5.317008E-3
6.410000E-8	-6.098113E-3
6.420000E-8	-6.562323E-3
6.430000E-8	-6.634266E-3
6.440000E-8	-6.320797E-3
6.450000E-8	-5.603070E-3
6.460000E-8	-4.609559E-3
6.470000E-8	-3.436189E-3
6.480000E-8	-2.298790E-3
6.490000E-8	-1.322408E-3
6.500000E-8	-6.732002E-4
6.510000E-8	-3.957023E-4
6.520000E-8	-5.481549E-4
6.530000E-8	-1.118567E-3
6.540000E-8	-2.038421E-3
6.550000E-8	-3.163830E-3
6.560000E-8	-4.404005E-3
6.570000E-8	-5.544830E-3
6.580000E-8	-6.486953E-3
6.590000E-8	-7.112179E-3
6.600000E-8	-7.391390E-3
6.610000E-8	-7.346854E-3
6.620000E-8	-7.011115E-3
6.630000E-8	-6.442416E-3
6.640000E-8	-5.700709E-3
6.650000E-8	-4.835669E-3
6.660000E-8	-3.958638E-3
6.670000E-8	-3.110728E-3
6.680000E-8	-2.427261E-3
6.690000E-8	-1.981894E-3
6.700000E-8	-1.882543E-3
6.710000E-8	-2.120643E-3
6.720000E-8	-2.725314E-3
6.730000E-8	-3.580076E-3
6.740000E-8	-4.611272E-3
6.750000E-8	-5.668163E-3
6.760000E-8	-6.637692E-3
6.770000E-8	-7.422223E-3
6.780000E-8	-7.953238E-3
6.790000E-8	-8.218745E-3
6.800000E-8	-8.198190E-3
6.810000E-8	-7.857313E-3
6.820000E-8	-7.240651E-3
6.830000E-8	-6.396166E-3
6.840000E-8	-5.459183E-3
6.850000E-8	-4.546180E-3
6.860000E-8	-3.825028E-3
6.870000E-8	-3.393365E-3
6.880000E-8	-3.324847E-3
6.890000E-8	-3.610910E-3
6.900000E-8	-4.203590E-3
6.910000E-8	-4.988121E-3
6.920000E-8	-5.899411E-3
6.930000E-8	-6.800423E-3
6.940000E-8	-7.656898E-3
6.950000E-8	-8.386614E-3
6.960000E-8	-8.945036E-3
6.970000E-8	-9.222534E-3
6.980000E-8	-9.174571E-3
6.990000E-8	-8.794296E-3
7.000000E-8	-8.110829E-3
7.010000E-8	-7.216669E-3
7.020000E-8	-6.288250E-3
7.030000E-8	-5.395804E-3
7.040000E-8	-4.705485E-3
7.050000E-8	-4.236136E-3
7.060000E-8	-4.022018E-3
7.070000E-8	-4.010027E-3
7.080000E-8	-4.273821E-3
7.090000E-8	-4.729466E-3
7.100000E-8	-5.424924E-3
7.110000E-8	-6.257417E-3
7.120000E-8	-7.137874E-3
7.130000E-8	-7.903562E-3
7.140000E-8	-8.473975E-3
7.150000E-8	-8.765176E-3
7.160000E-8	-8.763463E-3
7.170000E-8	-8.465410E-3
7.180000E-8	-7.948099E-3
7.190000E-8	-7.228660E-3
7.200000E-8	-6.415009E-3
7.210000E-8	-5.558534E-3
7.220000E-8	-4.763725E-3
7.230000E-8	-4.071693E-3
7.240000E-8	-3.614335E-3
7.250000E-8	-3.463596E-3
7.260000E-8	-3.629752E-3
7.270000E-8	-4.061415E-3
7.280000E-8	-4.727753E-3
7.290000E-8	-5.483164E-3
7.300000E-8	-6.295102E-3
7.310000E-8	-7.045374E-3
7.320000E-8	-7.667175E-3
7.330000E-8	-8.056015E-3
7.340000E-8	-8.193051E-3
7.350000E-8	-7.989210E-3
7.360000E-8	-7.485603E-3
7.370000E-8	-6.713062E-3
7.380000E-8	-5.794921E-3
7.390000E-8	-4.866502E-3
7.400000E-8	-4.047712E-3
7.410000E-8	-3.441328E-3
7.420000E-8	-3.110728E-3
7.430000E-8	-3.040497E-3
7.440000E-8	-3.204940E-3
7.450000E-8	-3.562947E-3
7.460000E-8	-4.049425E-3
7.470000E-8	-4.597569E-3
7.480000E-8	-5.190250E-3
7.490000E-8	-5.757236E-3
7.500000E-8	-6.219732E-3
7.510000E-8	-6.522925E-3
7.520000E-8	-6.661674E-3
7.530000E-8	-6.565748E-3
7.540000E-8	-6.235149E-3
7.550000E-8	-5.644181E-3
7.560000E-8	-4.875067E-3
7.570000E-8	-4.037434E-3
7.580000E-8	-3.232348E-3
7.590000E-8	-2.584852E-3
7.600000E-8	-2.190874E-3
7.610000E-8	-2.028144E-3
7.620000E-8	-2.069255E-3
7.630000E-8	-2.247401E-3
7.640000E-8	-2.548881E-3
7.650000E-8	-2.924017E-3
7.660000E-8	-3.410494E-3
7.670000E-8	-3.936370E-3
7.680000E-8	-4.460533E-3
7.690000E-8	-4.876780E-3
7.700000E-8	-5.096037E-3
7.710000E-8	-5.058352E-3
7.720000E-8	-4.767151E-3
7.730000E-8	-4.280673E-3
7.740000E-8	-3.682853E-3
7.750000E-8	-3.018229E-3
7.760000E-8	-2.363882E-3
7.770000E-8	-1.771201E-3
7.780000E-8	-1.281297E-3
7.790000E-8	-9.044485E-4
7.800000E-8	-7.074592E-4
7.810000E-8	-7.057463E-4
7.820000E-8	-9.078744E-4
7.830000E-8	-1.267594E-3
7.840000E-8	-1.771201E-3
7.850000E-8	-2.314206E-3
7.860000E-8	-2.869202E-3
7.870000E-8	-3.312856E-3
7.880000E-8	-3.617761E-3
7.890000E-8	-3.667437E-3
7.900000E-8	-3.482438E-3
7.910000E-8	-3.052488E-3
7.920000E-8	-2.425548E-3
7.930000E-8	-1.716387E-3
7.940000E-8	-1.027781E-3
7.950000E-8	-4.419520E-4
7.960000E-8	-1.714036E-5
7.970000E-8	1.627194E-4
7.980000E-8	1.729971E-4
7.990000E-8	7.535894E-5
8.000000E-8	-1.096397E-4
8.010000E-8	-3.819987E-4
8.020000E-8	-7.331535E-4
8.030000E-8	-1.164817E-3
8.040000E-8	-1.654721E-3
8.050000E-8	-2.124069E-3
8.060000E-8	-2.466659E-3
8.070000E-8	-2.605408E-3
8.080000E-8	-2.492353E-3
8.090000E-8	-2.125782E-3
8.100000E-8	-1.653008E-3
8.110000E-8	-1.120280E-3
8.120000E-8	-6.286635E-4
8.130000E-8	-1.952872E-4
8.140000E-8	1.575805E-4
8.150000E-8	4.830411E-4
8.160000E-8	7.279929E-4
8.170000E-8	8.376217E-4
8.180000E-8	7.108634E-4
8.190000E-8	3.323015E-4
8.200000E-8	-2.740829E-4
8.210000E-8	-9.506981E-4
8.220000E-8	-1.593054E-3
8.230000E-8	-2.023005E-3
8.240000E-8	-2.190874E-3
8.250000E-8	-2.093236E-3
8.260000E-8	-1.868839E-3
8.270000E-8	-1.562221E-3
8.280000E-8	-1.233335E-3
8.290000E-8	-8.804672E-4
8.300000E-8	-5.532937E-4
8.310000E-8	-2.004260E-4
8.320000E-8	1.558676E-4
8.330000E-8	4.881799E-4
8.340000E-8	6.971598E-4
8.350000E-8	7.571131E-4
8.360000E-8	6.097994E-4
8.370000E-8	2.877648E-4
8.380000E-8	-1.713059E-4
8.390000E-8	-6.663484E-4
8.400000E-8	-1.176808E-3
8.410000E-8	-1.605045E-3
8.420000E-8	-1.969903E-3
8.430000E-8	-2.202865E-3
8.440000E-8	-2.334762E-3
8.450000E-8	-2.331336E-3
8.460000E-8	-2.219994E-3
8.470000E-8	-1.978468E-3
8.480000E-8	-1.630739E-3
8.490000E-8	-1.217918E-3
8.500000E-8	-8.479211E-4
8.510000E-8	-5.498678E-4
8.520000E-8	-4.008412E-4
8.530000E-8	-3.939894E-4
8.540000E-8	-5.515808E-4
8.550000E-8	-8.564859E-4
8.560000E-8	-1.255603E-3
8.570000E-8	-1.747220E-3
8.580000E-8	-2.298790E-3
8.590000E-8	-2.809249E-3
8.600000E-8	-3.225496E-3
8.610000E-8	-3.446466E-3
8.620000E-8	-3.465309E-3
8.630000E-8	-3.321421E-3
8.640000E-8	-3.098738E-3
8.650000E-8	-2.884619E-3
8.660000E-8	-2.730453E-3
8.670000E-8	-2.631102E-3
8.680000E-8	-2.566010E-3
8.690000E-8	-2.487214E-3
8.700000E-8	-2.389576E-3
8.710000E-8	-2.309068E-3
8.720000E-8	-2.291938E-3
8.730000E-8	-2.360456E-3
8.740000E-8	-2.545455E-3
8.750000E-8	-2.836656E-3
8.760000E-8	-3.165543E-3
8.770000E-8	-3.535540E-3
8.780000E-8	-3.893546E-3
8.790000E-8	-4.188174E-3
8.800000E-8	-4.427987E-3
8.810000E-8	-4.559884E-3
8.820000E-8	-4.594143E-3
8.830000E-8	-4.518773E-3
8.840000E-8	-4.356043E-3
8.850000E-8	-4.133359E-3
8.860000E-8	-3.915815E-3
8.870000E-8	-3.732529E-3
8.880000E-8	-3.640030E-3
8.890000E-8	-3.593780E-3
8.900000E-8	-3.640030E-3
8.910000E-8	-3.737668E-3
8.920000E-8	-3.908963E-3
8.930000E-8	-4.135072E-3
8.940000E-8	-4.398867E-3
8.950000E-8	-4.690068E-3
8.960000E-8	-4.982983E-3
8.970000E-8	-5.241638E-3
8.980000E-8	-5.460896E-3
8.990000E-8	-5.565386E-3
9.000000E-8	-5.546543E-3
9.010000E-8	-5.418072E-3
9.020000E-8	-5.209092E-3
9.030000E-8	-4.943585E-3
9.040000E-8	-4.679790E-3
9.050000E-8	-4.448542E-3
9.060000E-8	-4.301228E-3
9.070000E-8	-4.217294E-3
9.080000E-8	-4.230997E-3
9.090000E-8	-4.328636E-3
9.100000E-8	-4.523912E-3
9.110000E-8	-4.751734E-3
9.120000E-8	-5.029232E-3
9.130000E-8	-5.308443E-3
9.140000E-8	-5.575663E-3
9.150000E-8	-5.794921E-3
9.160000E-8	-5.938809E-3
9.170000E-8	-5.985058E-3
9.180000E-8	-5.979919E-3
9.190000E-8	-5.873717E-3
9.200000E-8	-5.678440E-3
9.210000E-8	-5.414646E-3
9.220000E-8	-5.159416E-3
9.230000E-8	-4.909326E-3
9.240000E-8	-4.739744E-3
9.250000E-8	-4.633541E-3
9.260000E-8	-4.616411E-3
9.270000E-8	-4.623263E-3
9.280000E-8	-4.669513E-3
9.290000E-8	-4.715762E-3
9.300000E-8	-4.813401E-3
9.310000E-8	-4.962427E-3
9.320000E-8	-5.212518E-3
9.330000E-8	-5.505432E-3
9.340000E-8	-5.801773E-3
9.350000E-8	-6.015891E-3
9.360000E-8	-6.098113E-3
9.370000E-8	-6.055289E-3
9.380000E-8	-5.892559E-3
9.390000E-8	-5.604783E-3
9.400000E-8	-5.293027E-3
9.410000E-8	-4.965853E-3
9.420000E-8	-4.712336E-3
9.430000E-8	-4.486227E-3
9.440000E-8	-4.356043E-3
9.450000E-8	-4.301228E-3
9.460000E-8	-4.323497E-3
9.470000E-8	-4.424561E-3
9.480000E-8	-4.595856E-3
9.490000E-8	-4.806549E-3
9.500000E-8	-5.078908E-3
9.510000E-8	-5.368396E-3
9.520000E-8	-5.585941E-3
9.530000E-8	-5.693857E-3
9.540000E-8	-5.671588E-3
9.550000E-8	-5.457470E-3
9.560000E-8	-5.164555E-3
9.570000E-8	-4.789419E-3
9.580000E-8	-4.463959E-3
9.590000E-8	-4.205303E-3
9.600000E-8	-4.049425E-3
9.610000E-8	-3.970629E-3
9.620000E-8	-3.950074E-3
9.630000E-8	-3.929518E-3
9.640000E-8	-3.927805E-3
9.650000E-8	-3.924379E-3
9.660000E-8	-3.910676E-3
9.670000E-8	-3.890120E-3
9.680000E-8	-3.890120E-3
9.690000E-8	-3.939796E-3
9.700000E-8	-4.056277E-3
9.710000E-8	-4.210442E-3
9.720000E-8	-4.393728E-3
9.730000E-8	-4.482801E-3
9.740000E-8	-4.422848E-3
9.750000E-8	-4.234423E-3
9.760000E-8	-3.955213E-3
9.770000E-8	-3.628039E-3
9.780000E-8	-3.393365E-3
9.790000E-8	-3.254616E-3
9.800000E-8	-3.196376E-3
9.810000E-8	-3.148413E-3
9.820000E-8	-3.126145E-3
9.830000E-8	-3.076469E-3
9.840000E-8	-3.035358E-3
9.850000E-8	-2.997673E-3
9.860000E-8	-3.016516E-3
9.870000E-8	-3.078182E-3
9.880000E-8	-3.203227E-3
9.890000E-8	-3.297440E-3
9.900000E-8	-3.338551E-3
9.910000E-8	-3.333412E-3
9.920000E-8	-3.261468E-3
9.930000E-8	-3.138135E-3
9.940000E-8	-2.985683E-3
9.950000E-8	-2.824665E-3
9.960000E-8	-2.701333E-3
9.970000E-8	-2.589991E-3
9.980000E-8	-2.485501E-3
9.990000E-8	-2.386150E-3
1.000000E-7	-2.295364E-3
1.001000E-7	-2.199439E-3
1.002000E-7	-2.170319E-3
1.003000E-7	-2.189161E-3
1.004000E-7	-2.295364E-3
1.005000E-7	-2.447816E-3
1.006000E-7	-2.656796E-3
1.007000E-7	-2.829804E-3
1.008000E-7	-2.959989E-3
1.009000E-7	-2.975405E-3
1.010000E-7	-2.920591E-3
1.011000E-7	-2.810962E-3
1.012000E-7	-2.636241E-3
1.013000E-7	-2.454668E-3
1.014000E-7	-2.288512E-3
1.015000E-7	-2.146337E-3
1.016000E-7	-2.028144E-3
1.017000E-7	-1.906524E-3
1.018000E-7	-1.843145E-3
1.019000E-7	-1.803747E-3
1.020000E-7	-1.858562E-3
1.021000E-7	-1.971616E-3
1.022000E-7	-2.168606E-3
1.023000E-7	-2.375873E-3
1.024000E-7	-2.571149E-3
1.025000E-7	-2.725314E-3
1.026000E-7	-2.840082E-3
1.027000E-7	-2.891471E-3
1.028000E-7	-2.884619E-3
1.029000E-7	-2.841795E-3
1.030000E-7	-2.788694E-3
1.031000E-7	-2.685917E-3
1.032000E-7	-2.562584E-3
1.033000E-7	-2.447816E-3
1.034000E-7	-2.369021E-3
1.035000E-7	-2.309068E-3
1.036000E-7	-2.297077E-3
1.037000E-7	-2.267957E-3
1.038000E-7	-2.245688E-3
1.039000E-7	-2.219994E-3
1.040000E-7	-2.250827E-3
1.041000E-7	-2.346752E-3
1.042000E-7	-2.523186E-3
1.043000E-7	-2.800684E-3
1.044000E-7	-3.109015E-3
1.045000E-7	-3.319708E-3
1.046000E-7	-3.408781E-3
1.047000E-7	-3.357393E-3
1.048000E-7	-3.239199E-3
1.049000E-7	-3.045636E-3
1.050000E-7	-2.867489E-3
1.051000E-7	-2.745870E-3
1.052000E-7	-2.680778E-3
1.053000E-7	-2.603695E-3
1.054000E-7	-2.576288E-3
1.055000E-7	-2.547168E-3
1.056000E-7	-2.600269E-3
1.057000E-7	-2.701333E-3
1.058000E-7	-2.927442E-3
1.059000E-7	-3.194663E-3
1.060000E-7	-3.482438E-3
1.061000E-7	-3.720538E-3
1.062000E-7	-3.895259E-3
1.063000E-7	-3.980907E-3
1.064000E-7	-4.028869E-3
1.065000E-7	-4.040860E-3
1.066000E-7	-4.037434E-3
1.067000E-7	-4.030582E-3
1.068000E-7	-3.972342E-3
1.069000E-7	-3.864426E-3
1.070000E-7	-3.753084E-3
1.071000E-7	-3.652020E-3
1.072000E-7	-3.662298E-3
1.073000E-7	-3.771927E-3
1.074000E-7	-3.991184E-3
1.075000E-7	-4.263544E-3
1.076000E-7	-4.551319E-3
1.077000E-7	-4.748308E-3
1.078000E-7	-4.827104E-3
1.079000E-7	-4.760299E-3
1.080000E-7	-4.654096E-3
1.081000E-7	-4.508495E-3
1.082000E-7	-4.455394E-3
1.083000E-7	-4.477662E-3
1.084000E-7	-4.624976E-3
1.085000E-7	-4.794558E-3
1.086000E-7	-4.938446E-3
1.087000E-7	-5.024093E-3
1.088000E-7	-5.061778E-3
1.089000E-7	-5.015529E-3
1.090000E-7	-4.998399E-3
1.091000E-7	-4.967566E-3
1.092000E-7	-4.982983E-3
1.093000E-7	-4.993260E-3
1.094000E-7	-4.988121E-3
1.095000E-7	-4.986408E-3
1.096000E-7	-4.998399E-3
1.097000E-7	-5.020667E-3
1.098000E-7	-5.082334E-3
1.099000E-7	-5.178259E-3
1.100000E-7	-5.253629E-3
1.101000E-7	-5.275897E-3
1.102000E-7	-5.251916E-3
1.103000E-7	-5.137148E-3
1.104000E-7	-4.989834E-3
1.105000E-7	-4.830530E-3
1.106000E-7	-4.741457E-3
1.107000E-7	-4.739744E-3
1.108000E-7	-4.854511E-3
1.109000E-7	-5.001825E-3
1.110000E-7	-5.142287E-3
1.111000E-7	-5.214231E-3
1.112000E-7	-5.205666E-3
1.113000E-7	-5.126870E-3
1.114000E-7	-5.097750E-3
1.115000E-7	-5.121732E-3
1.116000E-7	-5.239925E-3
1.117000E-7	-5.366683E-3
1.118000E-7	-5.426637E-3
1.119000E-7	-5.363257E-3
1.120000E-7	-5.257055E-3
1.121000E-7	-5.109741E-3
1.122000E-7	-5.017242E-3
1.123000E-7	-4.964140E-3
1.124000E-7	-4.981270E-3
1.125000E-7	-4.988121E-3
1.126000E-7	-4.981270E-3
1.127000E-7	-4.959001E-3
1.128000E-7	-4.982983E-3
1.129000E-7	-5.037797E-3
1.130000E-7	-5.185111E-3
1.131000E-7	-5.339276E-3
1.132000E-7	-5.491729E-3
1.133000E-7	-5.570524E-3
1.134000E-7	-5.568811E-3
1.135000E-7	-5.471173E-3
1.136000E-7	-5.335850E-3
1.137000E-7	-5.174833E-3
1.138000E-7	-4.991547E-3
1.139000E-7	-4.821965E-3
1.140000E-7	-4.722614E-3
1.141000E-7	-4.654096E-3
1.142000E-7	-4.614698E-3
1.143000E-7	-4.583865E-3
1.144000E-7	-4.600995E-3
1.145000E-7	-4.578726E-3
1.146000E-7	-4.541041E-3
1.147000E-7	-4.469098E-3
1.148000E-7	-4.419422E-3
1.149000E-7	-4.390302E-3
1.150000E-7	-4.433126E-3
1.151000E-7	-4.463959E-3
1.152000E-7	-4.513634E-3
1.153000E-7	-4.529051E-3
1.154000E-7	-4.511921E-3
1.155000E-7	-4.409144E-3
1.156000E-7	-4.309793E-3
1.157000E-7	-4.196738E-3
1.158000E-7	-4.135072E-3
1.159000E-7	-4.083684E-3
1.160000E-7	-4.049425E-3
1.161000E-7	-4.006601E-3
1.162000E-7	-3.926092E-3
1.163000E-7	-3.765075E-3
1.164000E-7	-3.605771E-3
1.165000E-7	-3.487577E-3
1.166000E-7	-3.441328E-3
1.167000E-7	-3.415633E-3
1.168000E-7	-3.436189E-3
1.169000E-7	-3.496142E-3
1.170000E-7	-3.561234E-3
1.171000E-7	-3.573225E-3
1.172000E-7	-3.547530E-3
1.173000E-7	-3.441328E-3
1.174000E-7	-3.299153E-3
1.175000E-7	-3.097025E-3
1.176000E-7	-2.877767E-3
1.177000E-7	-2.646519E-3
1.178000E-7	-2.451242E-3
1.179000E-7	-2.345039E-3
1.180000E-7	-2.310780E-3
1.181000E-7	-2.377586E-3
1.182000E-7	-2.500918E-3
1.183000E-7	-2.596843E-3
1.184000E-7	-2.684204E-3
1.185000E-7	-2.737305E-3
1.186000E-7	-2.749296E-3
1.187000E-7	-2.684204E-3
1.188000E-7	-2.583140E-3
1.189000E-7	-2.461520E-3
1.190000E-7	-2.312493E-3
1.191000E-7	-2.166893E-3
1.192000E-7	-2.069255E-3
1.193000E-7	-2.023005E-3
1.194000E-7	-2.058977E-3
1.195000E-7	-2.065829E-3
1.196000E-7	-2.052125E-3
1.197000E-7	-1.956200E-3
1.198000E-7	-1.805460E-3
1.199000E-7	-1.637591E-3
1.200000E-7	-1.569073E-3
1.201000E-7	-1.649582E-3
1.202000E-7	-1.779766E-3
1.203000E-7	-1.867126E-3
1.204000E-7	-1.860275E-3
1.205000E-7	-1.723239E-3
1.206000E-7	-1.510833E-3
1.207000E-7	-1.274446E-3
1.208000E-7	-1.120280E-3
1.209000E-7	-1.068892E-3
1.210000E-7	-1.098012E-3
1.211000E-7	-1.132271E-3
1.212000E-7	-1.151113E-3
1.213000E-7	-1.145974E-3
1.214000E-7	-1.137410E-3
1.215000E-7	-1.173382E-3
1.216000E-7	-1.247038E-3
1.217000E-7	-1.332686E-3
1.218000E-7	-1.370371E-3
1.219000E-7	-1.353241E-3
1.220000E-7	-1.293288E-3
1.221000E-7	-1.229909E-3
1.222000E-7	-1.202502E-3
1.223000E-7	-1.219631E-3
1.224000E-7	-1.277872E-3
1.225000E-7	-1.317269E-3
1.226000E-7	-1.348103E-3
1.227000E-7	-1.346390E-3
1.228000E-7	-1.327547E-3
1.229000E-7	-1.313844E-3
1.230000E-7	-1.264168E-3
1.231000E-7	-1.183659E-3
1.232000E-7	-1.115141E-3
1.233000E-7	-1.104864E-3
1.234000E-7	-1.204215E-3
1.235000E-7	-1.392639E-3
1.236000E-7	-1.653008E-3
1.237000E-7	-1.875691E-3
1.238000E-7	-2.000737E-3
1.239000E-7	-1.976755E-3
1.240000E-7	-1.858562E-3
1.241000E-7	-1.678702E-3
1.242000E-7	-1.524536E-3
1.243000E-7	-1.365232E-3
1.244000E-7	-1.250464E-3
1.245000E-7	-1.164817E-3
1.246000E-7	-1.121993E-3
1.247000E-7	-1.110002E-3
1.248000E-7	-1.187085E-3
1.249000E-7	-1.334399E-3
1.250000E-7	-1.526249E-3
1.251000E-7	-1.726665E-3
1.252000E-7	-1.870552E-3
1.253000E-7	-1.933931E-3
1.254000E-7	-1.892821E-3
1.255000E-7	-1.786618E-3
1.256000E-7	-1.658147E-3
1.257000E-7	-1.582777E-3
1.258000E-7	-1.608471E-3
1.259000E-7	-1.714674E-3
1.260000E-7	-1.879117E-3
1.261000E-7	-2.021292E-3
1.262000E-7	-2.127495E-3
1.263000E-7	-2.144624E-3
1.264000E-7	-2.108652E-3
1.265000E-7	-2.040134E-3
1.266000E-7	-2.021292E-3
1.267000E-7	-2.052125E-3
1.268000E-7	-2.137773E-3
1.269000E-7	-2.199439E-3
1.270000E-7	-2.252540E-3
1.271000E-7	-2.283373E-3
1.272000E-7	-2.291938E-3
1.273000E-7	-2.309068E-3
1.274000E-7	-2.374160E-3
1.275000E-7	-2.535177E-3
1.276000E-7	-2.730453E-3
1.277000E-7	-2.910313E-3
1.278000E-7	-3.042210E-3
1.279000E-7	-3.093599E-3
1.280000E-7	-3.049062E-3
1.281000E-7	-2.954850E-3
1.282000E-7	-2.862350E-3
1.283000E-7	-2.860637E-3
1.284000E-7	-2.985683E-3
1.285000E-7	-3.198089E-3
1.286000E-7	-3.465309E-3
1.287000E-7	-3.655446E-3
1.288000E-7	-3.761649E-3
1.289000E-7	-3.735955E-3
1.290000E-7	-3.614335E-3
1.291000E-7	-3.444753E-3
1.292000E-7	-3.343689E-3
1.293000E-7	-3.324847E-3
1.294000E-7	-3.401930E-3
1.295000E-7	-3.533827E-3
1.296000E-7	-3.689705E-3
1.297000E-7	-3.861000E-3
1.298000E-7	-4.025443E-3
1.299000E-7	-4.097387E-3
1.300000E-7	-4.114517E-3
1.301000E-7	-4.083684E-3
1.302000E-7	-4.059702E-3
1.303000E-7	-4.047712E-3
1.304000E-7	-4.066554E-3
1.305000E-7	-4.088823E-3
1.306000E-7	-4.131646E-3
1.307000E-7	-4.152202E-3
1.308000E-7	-4.159054E-3
1.309000E-7	-4.145350E-3
1.310000E-7	-4.157341E-3
1.311000E-7	-4.203590E-3
1.312000E-7	-4.263544E-3
1.313000E-7	-4.311506E-3
1.314000E-7	-4.352617E-3
1.315000E-7	-4.347478E-3
1.316000E-7	-4.332062E-3
1.317000E-7	-4.314932E-3
1.318000E-7	-4.385163E-3
1.319000E-7	-4.510208E-3
1.320000E-7	-4.696920E-3
1.321000E-7	-4.839095E-3
1.322000E-7	-4.935020E-3
1.323000E-7	-4.923029E-3
1.324000E-7	-4.825391E-3
1.325000E-7	-4.681503E-3
1.326000E-7	-4.575300E-3
1.327000E-7	-4.505069E-3
1.328000E-7	-4.517060E-3
1.329000E-7	-4.630115E-3
1.330000E-7	-4.821965E-3
1.331000E-7	-5.042936E-3
1.332000E-7	-5.260480E-3
1.333000E-7	-5.376961E-3
1.334000E-7	-5.452331E-3
1.335000E-7	-5.436914E-3
1.336000E-7	-5.383813E-3
1.337000E-7	-5.269045E-3
1.338000E-7	-5.166268E-3
1.339000E-7	-5.080621E-3
1.340000E-7	-5.056639E-3
1.341000E-7	-5.029232E-3
1.342000E-7	-5.022380E-3
1.343000E-7	-4.989834E-3
1.344000E-7	-4.984696E-3
1.345000E-7	-4.998399E-3
1.346000E-7	-5.042936E-3
1.347000E-7	-5.106315E-3
1.348000E-7	-5.169694E-3
1.349000E-7	-5.248490E-3
1.350000E-7	-5.263906E-3
1.351000E-7	-5.214231E-3
1.352000E-7	-5.099463E-3
1.353000E-7	-4.964140E-3
1.354000E-7	-4.869928E-3
1.355000E-7	-4.804836E-3
1.356000E-7	-4.811688E-3
1.357000E-7	-4.878493E-3
1.358000E-7	-5.003538E-3
1.359000E-7	-5.099463E-3
1.360000E-7	-5.120019E-3
1.361000E-7	-5.063491E-3
1.362000E-7	-4.994973E-3
1.363000E-7	-4.924742E-3
1.364000E-7	-4.880206E-3
1.365000E-7	-4.864789E-3
1.366000E-7	-4.869928E-3
1.367000E-7	-4.864789E-3
1.368000E-7	-4.837382E-3
1.369000E-7	-4.744883E-3
1.370000E-7	-4.667800E-3
1.371000E-7	-4.582152E-3
1.372000E-7	-4.515347E-3
1.373000E-7	-4.457107E-3
1.374000E-7	-4.436551E-3
1.375000E-7	-4.417709E-3
1.376000E-7	-4.417709E-3
1.377000E-7	-4.426274E-3
1.378000E-7	-4.453681E-3
1.379000E-7	-4.481088E-3
1.380000E-7	-4.493079E-3
1.381000E-7	-4.458820E-3
1.382000E-7	-4.395441E-3
1.383000E-7	-4.282386E-3
1.384000E-7	-4.150489E-3
1.385000E-7	-4.001462E-3
1.386000E-7	-3.895259E-3
1.387000E-7	-3.818177E-3
1.388000E-7	-3.826741E-3
1.389000E-7	-3.881556E-3
1.390000E-7	-3.972342E-3
1.391000E-7	-4.057990E-3
1.392000E-7	-4.136785E-3
1.393000E-7	-4.155628E-3
1.394000E-7	-4.140211E-3
1.395000E-7	-4.080258E-3
1.396000E-7	-4.044286E-3
1.397000E-7	-3.951787E-3
1.398000E-7	-3.883269E-3
1.399000E-7	-3.814751E-3
1.400000E-7	-3.787343E-3
1.401000E-7	-3.775353E-3
1.402000E-7	-3.775353E-3
1.403000E-7	-3.782205E-3
1.404000E-7	-3.790769E-3
1.405000E-7	-3.751371E-3
1.406000E-7	-3.708548E-3
1.407000E-7	-3.638317E-3
1.408000E-7	-3.583502E-3
1.409000E-7	-3.482438E-3
1.410000E-7	-3.403643E-3
1.411000E-7	-3.294014E-3
1.412000E-7	-3.196376E-3
1.413000E-7	-3.100450E-3
1.414000E-7	-3.097025E-3
1.415000E-7	-3.141561E-3
1.416000E-7	-3.242625E-3
1.417000E-7	-3.333412E-3
1.418000E-7	-3.427624E-3
1.419000E-7	-3.458457E-3
1.420000E-7	-3.408781E-3
1.421000E-7	-3.321421E-3
1.422000E-7	-3.201515E-3
1.423000E-7	-3.112441E-3
1.424000E-7	-3.073043E-3
1.425000E-7	-3.049062E-3
1.426000E-7	-3.076469E-3
1.427000E-7	-3.150126E-3
1.428000E-7	-3.247764E-3
1.429000E-7	-3.311143E-3
1.430000E-7	-3.371097E-3
1.431000E-7	-3.381374E-3
1.432000E-7	-3.367671E-3
1.433000E-7	-3.294014E-3
1.434000E-7	-3.203227E-3
1.435000E-7	-3.098738E-3
1.436000E-7	-2.999386E-3
1.437000E-7	-2.932581E-3
1.438000E-7	-2.865776E-3
1.439000E-7	-2.817814E-3
1.440000E-7	-2.788694E-3
1.441000E-7	-2.728740E-3
1.442000E-7	-2.663648E-3
1.443000E-7	-2.550593E-3
1.444000E-7	-2.475224E-3
1.445000E-7	-2.451242E-3
1.446000E-7	-2.526612E-3
1.447000E-7	-2.663648E-3
1.448000E-7	-2.826378E-3
1.449000E-7	-2.953137E-3
1.450000E-7	-3.007951E-3
1.451000E-7	-2.992535E-3
1.452000E-7	-2.946285E-3
1.453000E-7	-2.910313E-3
1.454000E-7	-2.913739E-3
1.455000E-7	-2.951424E-3
1.456000E-7	-2.978831E-3
1.457000E-7	-2.973692E-3
1.458000E-7	-2.951424E-3
1.459000E-7	-2.924017E-3
1.460000E-7	-2.965127E-3
1.461000E-7	-3.019942E-3
1.462000E-7	-3.112441E-3
1.463000E-7	-3.172394E-3
1.464000E-7	-3.199802E-3
1.465000E-7	-3.199802E-3
1.466000E-7	-3.196376E-3
1.467000E-7	-3.186098E-3
1.468000E-7	-3.196376E-3
1.469000E-7	-3.211792E-3
1.470000E-7	-3.258042E-3
1.471000E-7	-3.294014E-3
1.472000E-7	-3.333412E-3
1.473000E-7	-3.374522E-3
1.474000E-7	-3.437902E-3
1.475000E-7	-3.482438E-3
1.476000E-7	-3.451605E-3
1.477000E-7	-3.340263E-3
1.478000E-7	-3.220357E-3
1.479000E-7	-3.105589E-3
1.480000E-7	-3.045636E-3
1.481000E-7	-3.086747E-3
1.482000E-7	-3.223783E-3
1.483000E-7	-3.398504E-3
1.484000E-7	-3.566373E-3
1.485000E-7	-3.676002E-3
1.486000E-7	-3.737668E-3
1.487000E-7	-3.713687E-3
1.488000E-7	-3.701696E-3
1.489000E-7	-3.619474E-3
1.490000E-7	-3.538966E-3
1.491000E-7	-3.439615E-3
1.492000E-7	-3.379661E-3
1.493000E-7	-3.352254E-3
1.494000E-7	-3.424198E-3
1.495000E-7	-3.549243E-3
1.496000E-7	-3.682853E-3
1.497000E-7	-3.765075E-3
1.498000E-7	-3.802760E-3
1.499000E-7	-3.761649E-3
1.500000E-7	-3.720538E-3
1.501000E-7	-3.699983E-3
1.502000E-7	-3.730816E-3
1.503000E-7	-3.778779E-3
1.504000E-7	-3.837019E-3
1.505000E-7	-3.854148E-3
1.506000E-7	-3.845584E-3
1.507000E-7	-3.797621E-3
1.508000E-7	-3.787343E-3
1.509000E-7	-3.778779E-3
1.510000E-7	-3.842158E-3
1.511000E-7	-3.900398E-3
1.512000E-7	-3.967203E-3
1.513000E-7	-3.975768E-3
1.514000E-7	-3.955213E-3
1.515000E-7	-3.898685E-3
1.516000E-7	-3.855861E-3
1.517000E-7	-3.833593E-3
1.518000E-7	-3.857574E-3
1.519000E-7	-3.884982E-3
1.520000E-7	-3.962064E-3
1.521000E-7	-4.023731E-3
1.522000E-7	-4.114517E-3
1.523000E-7	-4.160767E-3
1.524000E-7	-4.212155E-3
1.525000E-7	-4.256692E-3
1.526000E-7	-4.248127E-3
1.527000E-7	-4.210442E-3
1.528000E-7	-4.116230E-3
1.529000E-7	-3.968916E-3
1.530000E-7	-3.831880E-3
1.531000E-7	-3.749659E-3
1.532000E-7	-3.754797E-3
1.533000E-7	-3.794195E-3
1.534000E-7	-3.900398E-3
1.535000E-7	-4.001462E-3
1.536000E-7	-4.085397E-3
1.537000E-7	-4.105952E-3
1.538000E-7	-4.107665E-3
1.539000E-7	-4.056277E-3
1.540000E-7	-3.980907E-3
1.541000E-7	-3.915815E-3
1.542000E-7	-3.864426E-3
1.543000E-7	-3.831880E-3
1.544000E-7	-3.855861E-3
1.545000E-7	-3.907250E-3
1.546000E-7	-3.962064E-3
1.547000E-7	-3.998036E-3
1.548000E-7	-3.989472E-3
1.549000E-7	-3.919241E-3
1.550000E-7	-3.823315E-3
1.551000E-7	-3.696557E-3
1.552000E-7	-3.621187E-3
1.553000E-7	-3.559521E-3
1.554000E-7	-3.513271E-3
1.555000E-7	-3.448179E-3
1.556000E-7	-3.374522E-3
1.557000E-7	-3.287162E-3
1.558000E-7	-3.235774E-3
1.559000E-7	-3.198089E-3
1.560000E-7	-3.261468E-3
1.561000E-7	-3.386513E-3
1.562000E-7	-3.487577E-3
1.563000E-7	-3.552669E-3
1.564000E-7	-3.552669E-3
1.565000E-7	-3.456744E-3
1.566000E-7	-3.343689E-3
1.567000E-7	-3.237486E-3
1.568000E-7	-3.194663E-3
1.569000E-7	-3.228922E-3
1.570000E-7	-3.312856E-3
1.571000E-7	-3.425911E-3
1.572000E-7	-3.542392E-3
1.573000E-7	-3.616048E-3
1.574000E-7	-3.652020E-3
1.575000E-7	-3.585215E-3
1.576000E-7	-3.501281E-3
1.577000E-7	-3.374522E-3
1.578000E-7	-3.258042E-3
1.579000E-7	-3.189524E-3
1.580000E-7	-3.172394E-3
1.581000E-7	-3.184385E-3
1.582000E-7	-3.203227E-3
1.583000E-7	-3.170681E-3
1.584000E-7	-3.095312E-3
1.585000E-7	-2.951424E-3
1.586000E-7	-2.834943E-3
1.587000E-7	-2.732166E-3
1.588000E-7	-2.737305E-3
1.589000E-7	-2.790406E-3
1.590000E-7	-2.877767E-3
1.591000E-7	-2.913739E-3
1.592000E-7	-2.925730E-3
1.593000E-7	-2.900035E-3
1.594000E-7	-2.884619E-3
1.595000E-7	-2.867489E-3
1.596000E-7	-2.929155E-3
1.597000E-7	-2.989109E-3
1.598000E-7	-3.059340E-3
1.599000E-7	-3.085034E-3
1.600000E-7	-3.061053E-3
1.601000E-7	-2.977118E-3
1.602000E-7	-2.894896E-3
1.603000E-7	-2.817814E-3
1.604000E-7	-2.788694E-3
1.605000E-7	-2.761286E-3
1.606000E-7	-2.761286E-3
1.607000E-7	-2.747583E-3
1.608000E-7	-2.747583E-3
1.609000E-7	-2.713324E-3
1.610000E-7	-2.703046E-3
1.611000E-7	-2.691055E-3
1.612000E-7	-2.733879E-3
1.613000E-7	-2.805823E-3
1.614000E-7	-2.872628E-3
1.615000E-7	-2.915452E-3
1.616000E-7	-2.932581E-3
1.617000E-7	-2.901748E-3
1.618000E-7	-2.841795E-3
1.619000E-7	-2.769851E-3
1.620000E-7	-2.733879E-3
1.621000E-7	-2.668787E-3
1.622000E-7	-2.634528E-3
1.623000E-7	-2.610547E-3
1.624000E-7	-2.648232E-3
1.625000E-7	-2.689342E-3
1.626000E-7	-2.735592E-3
1.627000E-7	-2.761286E-3
1.628000E-7	-2.778416E-3
1.629000E-7	-2.742444E-3
1.630000E-7	-2.730453E-3
1.631000E-7	-2.706472E-3
1.632000E-7	-2.749296E-3
1.633000E-7	-2.805823E-3
1.634000E-7	-2.882906E-3
1.635000E-7	-2.913739E-3
1.636000E-7	-2.927442E-3
1.637000E-7	-2.846934E-3
1.638000E-7	-2.747583E-3
1.639000E-7	-2.607121E-3
1.640000E-7	-2.502631E-3
1.641000E-7	-2.446104E-3
1.642000E-7	-2.495779E-3
1.643000E-7	-2.574575E-3
1.644000E-7	-2.641380E-3
1.645000E-7	-2.653370E-3
1.646000E-7	-2.619111E-3
1.647000E-7	-2.586565E-3
1.648000E-7	-2.634528E-3
1.649000E-7	-2.742444E-3
1.650000E-7	-2.864063E-3
1.651000E-7	-3.001099E-3
1.652000E-7	-3.085034E-3
1.653000E-7	-3.095312E-3
1.654000E-7	-3.061053E-3
1.655000E-7	-3.037071E-3
1.656000E-7	-3.049062E-3
1.657000E-7	-3.112441E-3
1.658000E-7	-3.210079E-3
1.659000E-7	-3.288875E-3
1.660000E-7	-3.353967E-3
1.661000E-7	-3.377948E-3
1.662000E-7	-3.407069E-3
1.663000E-7	-3.384800E-3
1.664000E-7	-3.413920E-3
1.665000E-7	-3.419059E-3
1.666000E-7	-3.446466E-3
1.667000E-7	-3.422485E-3
1.668000E-7	-3.417346E-3
1.669000E-7	-3.350541E-3
1.670000E-7	-3.329986E-3
1.671000E-7	-3.321421E-3
1.672000E-7	-3.427624E-3
1.673000E-7	-3.562947E-3
1.674000E-7	-3.679428E-3
1.675000E-7	-3.751371E-3
1.676000E-7	-3.763362E-3
1.677000E-7	-3.674289E-3
1.678000E-7	-3.561234E-3
1.679000E-7	-3.477299E-3
1.680000E-7	-3.437902E-3
1.681000E-7	-3.461883E-3
1.682000E-7	-3.557808E-3
1.683000E-7	-3.626326E-3
1.684000E-7	-3.664011E-3
1.685000E-7	-3.679428E-3
1.686000E-7	-3.638317E-3
1.687000E-7	-3.569799E-3
1.688000E-7	-3.525262E-3
1.689000E-7	-3.523549E-3
1.690000E-7	-3.612623E-3
1.691000E-7	-3.732529E-3
1.692000E-7	-3.907250E-3
1.693000E-7	-4.056277E-3
1.694000E-7	-4.164192E-3
1.695000E-7	-4.212155E-3
1.696000E-7	-4.232710E-3
1.697000E-7	-4.220720E-3
1.698000E-7	-4.224146E-3
1.699000E-7	-4.220720E-3
1.700000E-7	-4.220720E-3
1.701000E-7	-4.172757E-3
1.702000E-7	-4.165905E-3
1.703000E-7	-4.121369E-3
1.704000E-7	-4.112804E-3
1.705000E-7	-4.119656E-3
1.706000E-7	-4.171044E-3
1.707000E-7	-4.227572E-3
1.708000E-7	-4.225859E-3
1.709000E-7	-4.188174E-3
1.710000E-7	-4.121369E-3
1.711000E-7	-4.039147E-3
1.712000E-7	-4.042573E-3
1.713000E-7	-4.099100E-3
1.714000E-7	-4.254979E-3
1.715000E-7	-4.434839E-3
1.716000E-7	-4.621550E-3
1.717000E-7	-4.732892E-3
1.718000E-7	-4.739744E-3
1.719000E-7	-4.621550E-3
1.720000E-7	-4.489653E-3
1.721000E-7	-4.366321E-3
1.722000E-7	-4.344052E-3
1.723000E-7	-4.356043E-3
1.724000E-7	-4.392015E-3
1.725000E-7	-4.374885E-3
1.726000E-7	-4.309793E-3
1.727000E-7	-4.181322E-3
1.728000E-7	-4.066554E-3
1.729000E-7	-4.035721E-3
1.730000E-7	-4.097387E-3
1.731000E-7	-4.222433E-3
1.732000E-7	-4.345765E-3
1.733000E-7	-4.421135E-3
1.734000E-7	-4.429700E-3
1.735000E-7	-4.340626E-3
1.736000E-7	-4.248127E-3
1.737000E-7	-4.148776E-3
1.738000E-7	-4.083684E-3
1.739000E-7	-4.049425E-3
1.740000E-7	-4.066554E-3
1.741000E-7	-4.037434E-3
1.742000E-7	-4.020305E-3
1.743000E-7	-3.979194E-3
1.744000E-7	-3.987759E-3
1.745000E-7	-4.057990E-3
1.746000E-7	-4.227572E-3
1.747000E-7	-4.405718E-3
1.748000E-7	-4.546180E-3
1.749000E-7	-4.554745E-3
1.750000E-7	-4.438264E-3
1.751000E-7	-4.191600E-3
1.752000E-7	-3.950074E-3
1.753000E-7	-3.727390E-3
1.754000E-7	-3.669150E-3
1.755000E-7	-3.729103E-3
1.756000E-7	-3.895259E-3
1.757000E-7	-4.068267E-3
1.758000E-7	-4.189887E-3
1.759000E-7	-4.176183E-3
1.760000E-7	-4.080258E-3
1.761000E-7	-3.926092E-3
1.762000E-7	-3.804473E-3
1.763000E-7	-3.717112E-3
1.764000E-7	-3.710261E-3
1.765000E-7	-3.730816E-3
1.766000E-7	-3.761649E-3
1.767000E-7	-3.770214E-3
1.768000E-7	-3.768501E-3
1.769000E-7	-3.725677E-3
1.770000E-7	-3.710261E-3
1.771000E-7	-3.676002E-3
1.772000E-7	-3.660585E-3
1.773000E-7	-3.636604E-3
1.774000E-7	-3.621187E-3
1.775000E-7	-3.571512E-3
1.776000E-7	-3.530401E-3
1.777000E-7	-3.480725E-3
1.778000E-7	-3.448179E-3
1.779000E-7	-3.415633E-3
1.780000E-7	-3.417346E-3
1.781000E-7	-3.403643E-3
1.782000E-7	-3.449892E-3
1.783000E-7	-3.439615E-3
1.784000E-7	-3.422485E-3
1.785000E-7	-3.323134E-3
1.786000E-7	-3.187811E-3
1.787000E-7	-3.011377E-3
1.788000E-7	-2.879480E-3
1.789000E-7	-2.805823E-3
1.790000E-7	-2.812675E-3
1.791000E-7	-2.845221E-3
1.792000E-7	-2.886332E-3
1.793000E-7	-2.893183E-3
1.794000E-7	-2.884619E-3
1.795000E-7	-2.870915E-3
1.796000E-7	-2.891471E-3
1.797000E-7	-2.951424E-3
1.798000E-7	-3.079895E-3
1.799000E-7	-3.177533E-3
1.800000E-7	-3.258042E-3
1.801000E-7	-3.288875E-3
1.802000E-7	-3.288875E-3
1.803000E-7	-3.266607E-3
1.804000E-7	-3.239199E-3
1.805000E-7	-3.187811E-3
1.806000E-7	-3.136422E-3
1.807000E-7	-3.059340E-3
1.808000E-7	-2.997673E-3
1.809000E-7	-2.939433E-3
1.810000E-7	-2.951424E-3
1.811000E-7	-2.995960E-3
1.812000E-7	-3.086747E-3
1.813000E-7	-3.119293E-3
1.814000E-7	-3.088460E-3
1.815000E-7	-3.007951E-3
1.816000E-7	-2.896609E-3
1.817000E-7	-2.816101E-3
1.818000E-7	-2.819527E-3
1.819000E-7	-2.840082E-3
1.820000E-7	-2.900035E-3
1.821000E-7	-2.910313E-3
1.822000E-7	-2.870915E-3
1.823000E-7	-2.766425E-3
1.824000E-7	-2.643093E-3
1.825000E-7	-2.571149E-3
1.826000E-7	-2.584852E-3
1.827000E-7	-2.595130E-3
1.828000E-7	-2.651658E-3
1.829000E-7	-2.737305E-3
1.830000E-7	-2.841795E-3
1.831000E-7	-2.942859E-3
1.832000E-7	-3.055914E-3
1.833000E-7	-3.141561E-3
1.834000E-7	-3.192950E-3
1.835000E-7	-3.168968E-3
1.836000E-7	-3.100450E-3
1.837000E-7	-3.026794E-3
1.838000E-7	-2.983970E-3
1.839000E-7	-3.013090E-3
1.840000E-7	-3.079895E-3
1.841000E-7	-3.172394E-3
1.842000E-7	-3.239199E-3
1.843000E-7	-3.249477E-3
1.844000E-7	-3.210079E-3
1.845000E-7	-3.144987E-3
1.846000E-7	-3.112441E-3
1.847000E-7	-3.139848E-3
1.848000E-7	-3.216931E-3
1.849000E-7	-3.299153E-3
1.850000E-7	-3.405356E-3
1.851000E-7	-3.441328E-3
1.852000E-7	-3.444753E-3
1.853000E-7	-3.403643E-3
1.854000E-7	-3.379661E-3
1.855000E-7	-3.379661E-3
1.856000E-7	-3.388226E-3
1.857000E-7	-3.379661E-3
1.858000E-7	-3.413920E-3
1.859000E-7	-3.477299E-3
1.860000E-7	-3.610910E-3
1.861000E-7	-3.749659E-3
1.862000E-7	-3.835306E-3
1.863000E-7	-3.837019E-3
1.864000E-7	-3.751371E-3
1.865000E-7	-3.624613E-3
1.866000E-7	-3.569799E-3
1.867000E-7	-3.607484E-3
1.868000E-7	-3.787343E-3
1.869000E-7	-4.018592E-3
1.870000E-7	-4.230997E-3
1.871000E-7	-4.350904E-3
1.872000E-7	-4.366321E-3
1.873000E-7	-4.266969E-3
1.874000E-7	-4.155628E-3
1.875000E-7	-4.063128E-3
1.876000E-7	-4.052851E-3
1.877000E-7	-4.076832E-3
1.878000E-7	-4.111091E-3
1.879000E-7	-4.092249E-3
1.880000E-7	-4.030582E-3
1.881000E-7	-3.922666E-3
1.882000E-7	-3.864426E-3
1.883000E-7	-3.890120E-3
1.884000E-7	-4.028869E-3
1.885000E-7	-4.272108E-3
1.886000E-7	-4.542754E-3
1.887000E-7	-4.765438E-3
1.888000E-7	-4.876780E-3
1.889000E-7	-4.849372E-3
1.890000E-7	-4.729466E-3
1.891000E-7	-4.577013E-3
1.892000E-7	-4.458820E-3
1.893000E-7	-4.431413E-3
1.894000E-7	-4.489653E-3
1.895000E-7	-4.590717E-3
1.896000E-7	-4.648957E-3
1.897000E-7	-4.643818E-3
1.898000E-7	-4.575300E-3
1.899000E-7	-4.460533E-3
1.900000E-7	-4.344052E-3
1.901000E-7	-4.280673E-3
1.902000E-7	-4.330349E-3
1.903000E-7	-4.458820E-3
1.904000E-7	-4.623263E-3
1.905000E-7	-4.746595E-3
1.906000E-7	-4.820252E-3
1.907000E-7	-4.818539E-3
1.908000E-7	-4.777429E-3
1.909000E-7	-4.690068E-3
1.910000E-7	-4.671226E-3
1.911000E-7	-4.700346E-3
1.912000E-7	-4.787706E-3
1.913000E-7	-4.857937E-3
1.914000E-7	-4.902474E-3
1.915000E-7	-4.864789E-3
1.916000E-7	-4.779142E-3
1.917000E-7	-4.643818E-3
1.918000E-7	-4.566736E-3
1.919000E-7	-4.535903E-3
1.920000E-7	-4.577013E-3
1.921000E-7	-4.650670E-3
1.922000E-7	-4.762012E-3
1.923000E-7	-4.821965E-3
1.924000E-7	-4.864789E-3
1.925000E-7	-4.869928E-3
1.926000E-7	-4.827104E-3
1.927000E-7	-4.755160E-3
1.928000E-7	-4.698633E-3
1.929000E-7	-4.635254E-3
1.930000E-7	-4.578726E-3
1.931000E-7	-4.554745E-3
1.932000E-7	-4.566736E-3
1.933000E-7	-4.568449E-3
1.934000E-7	-4.570162E-3
1.935000E-7	-4.542754E-3
1.936000E-7	-4.522199E-3
1.937000E-7	-4.462246E-3
1.938000E-7	-4.412570E-3
1.939000E-7	-4.366321E-3
1.940000E-7	-4.330349E-3
1.941000E-7	-4.299515E-3
1.942000E-7	-4.321784E-3
1.943000E-7	-4.335487E-3
1.944000E-7	-4.356043E-3
1.945000E-7	-4.364608E-3
1.946000E-7	-4.414283E-3
1.947000E-7	-4.436551E-3
1.948000E-7	-4.481088E-3
1.949000E-7	-4.520486E-3
1.950000E-7	-4.547893E-3
1.951000E-7	-4.556458E-3
1.952000E-7	-4.517060E-3
1.953000E-7	-4.419422E-3
1.954000E-7	-4.282386E-3
1.955000E-7	-4.097387E-3
1.956000E-7	-3.936370E-3
1.957000E-7	-3.819889E-3
1.958000E-7	-3.754797E-3
1.959000E-7	-3.746233E-3
1.960000E-7	-3.785630E-3
1.961000E-7	-3.809612E-3
1.962000E-7	-3.837019E-3
1.963000E-7	-3.833593E-3
1.964000E-7	-3.823315E-3
1.965000E-7	-3.802760E-3
1.966000E-7	-3.823315E-3
1.967000E-7	-3.840445E-3
1.968000E-7	-3.831880E-3
1.969000E-7	-3.802760E-3
1.970000E-7	-3.747946E-3
1.971000E-7	-3.652020E-3
1.972000E-7	-3.569799E-3
1.973000E-7	-3.516697E-3
1.974000E-7	-3.485864E-3
1.975000E-7	-3.485864E-3
1.976000E-7	-3.460170E-3
1.977000E-7	-3.403643E-3
1.978000E-7	-3.304292E-3
1.979000E-7	-3.155265E-3
1.980000E-7	-3.011377E-3
1.981000E-7	-2.912026E-3
1.982000E-7	-2.858924E-3
1.983000E-7	-2.915452E-3
1.984000E-7	-2.995960E-3
1.985000E-7	-3.083321E-3
1.986000E-7	-3.172394E-3
1.987000E-7	-3.191237E-3
1.988000E-7	-3.139848E-3
1.989000E-7	-3.030219E-3
1.990000E-7	-2.908600E-3
1.991000E-7	-2.781842E-3
1.992000E-7	-2.715037E-3
1.993000E-7	-2.649945E-3
1.994000E-7	-2.632815E-3
1.995000E-7	-2.617399E-3
1.996000E-7	-2.600269E-3
1.997000E-7	-2.569436E-3
1.998000E-7	-2.562584E-3
1.999000E-7	-2.543742E-3
2.000000E-7	-2.542029E-3
2.001000E-7	-2.531751E-3
