Study Name	Tungsten_Calibration
Sample Name	2025-04-28
Run Name	spot01
Operator	Angus
Date	4/28/2025
Time	6:20 PM
Sign	NEG
Grating Spacing	04.00um
Channel	3
Number Traces	10000
Files in Batch	1
Batch Number	1
dt	100.000001E-12
time stamp (ms)	6:21:14 PM
	
Time	Amplitude
0.000000E+0	-3.381374E-3
1.000000E-10	-3.369384E-3
2.000000E-10	-3.359106E-3
3.000000E-10	-3.347115E-3
4.000000E-10	-3.294014E-3
5.000000E-10	-3.196376E-3
6.000000E-10	-3.097025E-3
7.000000E-10	-2.985683E-3
8.000000E-10	-2.920591E-3
9.000000E-10	-2.858924E-3
1.000000E-9	-2.864063E-3
1.100000E-9	-2.877767E-3
1.200000E-9	-2.924017E-3
1.300000E-9	-2.970266E-3
1.400000E-9	-3.040497E-3
1.500000E-9	-3.079895E-3
1.600000E-9	-3.062766E-3
1.700000E-9	-3.021655E-3
1.800000E-9	-2.956563E-3
1.900000E-9	-2.924017E-3
2.000000E-9	-2.977118E-3
2.100000E-9	-3.071330E-3
2.200000E-9	-3.232348E-3
2.300000E-9	-3.338551E-3
2.400000E-9	-3.386513E-3
2.500000E-9	-3.290588E-3
2.600000E-9	-3.119293E-3
2.700000E-9	-2.920591E-3
2.800000E-9	-2.809249E-3
2.900000E-9	-2.761286E-3
3.000000E-9	-2.780129E-3
3.100000E-9	-2.821240E-3
3.200000E-9	-2.846934E-3
3.300000E-9	-2.834943E-3
3.400000E-9	-2.807536E-3
3.500000E-9	-2.759573E-3
3.600000E-9	-2.745870E-3
3.700000E-9	-2.786981E-3
3.800000E-9	-2.867489E-3
3.900000E-9	-2.997673E-3
4.000000E-9	-3.143274E-3
4.100000E-9	-3.239199E-3
4.200000E-9	-3.312856E-3
4.300000E-9	-3.287162E-3
4.400000E-9	-3.228922E-3
4.500000E-9	-3.119293E-3
4.600000E-9	-3.047349E-3
4.700000E-9	-3.025081E-3
4.800000E-9	-3.064479E-3
4.900000E-9	-3.091886E-3
5.000000E-9	-3.085034E-3
5.100000E-9	-3.011377E-3
5.200000E-9	-2.910313E-3
5.300000E-9	-2.793832E-3
5.400000E-9	-2.757860E-3
5.500000E-9	-2.792119E-3
5.600000E-9	-2.860637E-3
5.700000E-9	-2.898322E-3
5.800000E-9	-2.918878E-3
5.900000E-9	-2.893183E-3
6.000000E-9	-2.845221E-3
6.100000E-9	-2.804110E-3
6.200000E-9	-2.790406E-3
6.300000E-9	-2.810962E-3
6.400000E-9	-2.870915E-3
6.500000E-9	-2.934294E-3
6.600000E-9	-3.025081E-3
6.700000E-9	-3.088460E-3
6.800000E-9	-3.117580E-3
6.900000E-9	-3.117580E-3
7.000000E-9	-3.095312E-3
7.100000E-9	-3.071330E-3
7.200000E-9	-3.078182E-3
7.300000E-9	-3.083321E-3
7.400000E-9	-3.129571E-3
7.500000E-9	-3.143274E-3
7.600000E-9	-3.170681E-3
7.700000E-9	-3.156978E-3
7.800000E-9	-3.138135E-3
7.900000E-9	-3.151839E-3
8.000000E-9	-3.194663E-3
8.100000E-9	-3.206653E-3
8.200000E-9	-3.211792E-3
8.300000E-9	-3.155265E-3
8.400000E-9	-3.078182E-3
8.500000E-9	-2.978831E-3
8.600000E-9	-2.932581E-3
8.700000E-9	-2.942859E-3
8.800000E-9	-3.061053E-3
8.900000E-9	-3.151839E-3
9.000000E-9	-3.246051E-3
9.100000E-9	-3.268320E-3
9.200000E-9	-3.204940E-3
9.300000E-9	-3.093599E-3
9.400000E-9	-3.002812E-3
9.500000E-9	-2.954850E-3
9.600000E-9	-2.975405E-3
9.700000E-9	-3.023368E-3
9.800000E-9	-3.105589E-3
9.900000E-9	-3.172394E-3
1.000000E-8	-3.201515E-3
1.010000E-8	-3.132997E-3
1.020000E-8	-3.052488E-3
1.030000E-8	-2.949711E-3
1.040000E-8	-2.891471E-3
1.050000E-8	-2.893183E-3
1.060000E-8	-2.973692E-3
1.070000E-8	-3.093599E-3
1.080000E-8	-3.210079E-3
1.090000E-8	-3.292301E-3
1.100000E-8	-3.300866E-3
1.110000E-8	-3.246051E-3
1.120000E-8	-3.187811E-3
1.130000E-8	-3.100450E-3
1.140000E-8	-3.038784E-3
1.150000E-8	-2.970266E-3
1.160000E-8	-2.920591E-3
1.170000E-8	-2.879480E-3
1.180000E-8	-2.896609E-3
1.190000E-8	-2.910313E-3
1.200000E-8	-2.987396E-3
1.210000E-8	-3.047349E-3
1.220000E-8	-3.066191E-3
1.230000E-8	-3.105589E-3
1.240000E-8	-3.102163E-3
1.250000E-8	-3.074756E-3
1.260000E-8	-3.040497E-3
1.270000E-8	-3.006238E-3
1.280000E-8	-2.977118E-3
1.290000E-8	-2.958276E-3
1.300000E-8	-2.968553E-3
1.310000E-8	-3.011377E-3
1.320000E-8	-3.085034E-3
1.330000E-8	-3.131284E-3
1.340000E-8	-3.126145E-3
1.350000E-8	-3.103876E-3
1.360000E-8	-3.095312E-3
1.370000E-8	-3.088460E-3
1.380000E-8	-3.064479E-3
1.390000E-8	-3.054201E-3
1.400000E-8	-3.057627E-3
1.410000E-8	-3.033645E-3
1.420000E-8	-3.045636E-3
1.430000E-8	-3.057627E-3
1.440000E-8	-3.078182E-3
1.450000E-8	-3.040497E-3
1.460000E-8	-2.961701E-3
1.470000E-8	-2.850360E-3
1.480000E-8	-2.774990E-3
1.490000E-8	-2.728740E-3
1.500000E-8	-2.781842E-3
1.510000E-8	-2.891471E-3
1.520000E-8	-3.038784E-3
1.530000E-8	-3.107302E-3
1.540000E-8	-3.131284E-3
1.550000E-8	-3.139848E-3
1.560000E-8	-3.150126E-3
1.570000E-8	-3.143274E-3
1.580000E-8	-3.126145E-3
1.590000E-8	-3.083321E-3
1.600000E-8	-3.035358E-3
1.610000E-8	-2.980544E-3
1.620000E-8	-2.932581E-3
1.630000E-8	-2.888045E-3
1.640000E-8	-2.877767E-3
1.650000E-8	-2.884619E-3
1.660000E-8	-2.894896E-3
1.670000E-8	-2.906887E-3
1.680000E-8	-2.961701E-3
1.690000E-8	-3.049062E-3
1.700000E-8	-3.129571E-3
1.710000E-8	-3.162117E-3
1.720000E-8	-3.155265E-3
1.730000E-8	-3.066191E-3
1.740000E-8	-2.939433E-3
1.750000E-8	-2.804110E-3
1.760000E-8	-2.723601E-3
1.770000E-8	-2.735592E-3
1.780000E-8	-2.843508E-3
1.790000E-8	-2.913739E-3
1.800000E-8	-2.946285E-3
1.810000E-8	-2.927442E-3
1.820000E-8	-2.889758E-3
1.830000E-8	-2.831517E-3
1.840000E-8	-2.790406E-3
1.850000E-8	-2.773277E-3
1.860000E-8	-2.802397E-3
1.870000E-8	-2.833230E-3
1.880000E-8	-2.891471E-3
1.890000E-8	-2.941146E-3
1.900000E-8	-3.007951E-3
1.910000E-8	-3.093599E-3
1.920000E-8	-3.136422E-3
1.930000E-8	-3.129571E-3
1.940000E-8	-3.103876E-3
1.950000E-8	-3.076469E-3
1.960000E-8	-3.035358E-3
1.970000E-8	-3.019942E-3
1.980000E-8	-3.037071E-3
1.990000E-8	-3.049062E-3
2.000000E-8	-3.074756E-3
2.010000E-8	-3.107302E-3
2.020000E-8	-3.107302E-3
2.030000E-8	-3.122719E-3
2.040000E-8	-3.144987E-3
2.050000E-8	-3.162117E-3
2.060000E-8	-3.143274E-3
2.070000E-8	-3.085034E-3
2.080000E-8	-3.040497E-3
2.090000E-8	-3.016516E-3
2.100000E-8	-3.037071E-3
2.110000E-8	-3.035358E-3
2.120000E-8	-3.025081E-3
2.130000E-8	-2.958276E-3
2.140000E-8	-2.831517E-3
2.150000E-8	-2.670500E-3
2.160000E-8	-2.588278E-3
2.170000E-8	-2.584852E-3
2.180000E-8	-2.701333E-3
2.190000E-8	-2.877767E-3
2.200000E-8	-3.043923E-3
2.210000E-8	-3.103876E-3
2.220000E-8	-3.011377E-3
2.230000E-8	-2.831517E-3
2.240000E-8	-2.627676E-3
2.250000E-8	-2.487214E-3
2.260000E-8	-2.526612E-3
2.270000E-8	-2.703046E-3
2.280000E-8	-2.968553E-3
2.290000E-8	-3.227209E-3
2.300000E-8	-3.398504E-3
2.310000E-8	-3.422485E-3
2.320000E-8	-3.282023E-3
2.330000E-8	-3.042210E-3
2.340000E-8	-2.817814E-3
2.350000E-8	-2.673926E-3
2.360000E-8	-2.624250E-3
2.370000E-8	-2.684204E-3
2.380000E-8	-2.800684E-3
2.390000E-8	-2.939433E-3
2.400000E-8	-3.091886E-3
2.410000E-8	-3.230635E-3
2.420000E-8	-3.463596E-3
2.430000E-8	-3.898685E-3
2.440000E-8	-4.659235E-3
2.450000E-8	-5.861726E-3
2.460000E-8	-7.677453E-3
2.470000E-8	-1.018179E-2
2.480000E-8	-1.342783E-2
2.490000E-8	-1.722544E-2
2.500000E-8	-2.137934E-2
2.510000E-8	-2.549042E-2
2.520000E-8	-2.918011E-2
2.530000E-8	-3.207157E-2
2.540000E-8	-3.380679E-2
2.550000E-8	-3.426072E-2
2.560000E-8	-3.339740E-2
2.570000E-8	-3.132130E-2
2.580000E-8	-2.829452E-2
2.590000E-8	-2.464422E-2
2.600000E-8	-2.102133E-2
2.610000E-8	-1.805279E-2
2.620000E-8	-1.626961E-2
2.630000E-8	-1.587049E-2
2.640000E-8	-1.673382E-2
2.650000E-8	-1.853242E-2
2.660000E-8	-2.075411E-2
2.670000E-8	-2.290387E-2
2.680000E-8	-2.465279E-2
2.690000E-8	-2.567371E-2
2.700000E-8	-2.586042E-2
2.710000E-8	-2.509302E-2
2.720000E-8	-2.338520E-2
2.730000E-8	-2.078837E-2
2.740000E-8	-1.761770E-2
2.750000E-8	-1.440078E-2
2.760000E-8	-1.171830E-2
2.770000E-8	-1.002933E-2
2.780000E-8	-9.637068E-3
2.790000E-8	-1.055007E-2
2.800000E-8	-1.249598E-2
2.810000E-8	-1.497976E-2
2.820000E-8	-1.752349E-2
2.830000E-8	-1.960130E-2
2.840000E-8	-2.080722E-2
2.850000E-8	-2.097508E-2
2.860000E-8	-2.009291E-2
2.870000E-8	-1.832858E-2
2.880000E-8	-1.591846E-2
2.890000E-8	-1.315547E-2
2.900000E-8	-1.045243E-2
2.910000E-8	-8.167357E-3
2.920000E-8	-6.615424E-3
2.930000E-8	-6.057002E-3
2.940000E-8	-6.620563E-3
2.950000E-8	-8.241014E-3
2.960000E-8	-1.059461E-2
2.970000E-8	-1.320343E-2
2.980000E-8	-1.559985E-2
2.990000E-8	-1.723400E-2
3.000000E-8	-1.785580E-2
3.010000E-8	-1.723743E-2
3.020000E-8	-1.553304E-2
3.030000E-8	-1.298931E-2
3.040000E-8	-1.008072E-2
3.050000E-8	-7.172133E-3
3.060000E-8	-4.767151E-3
3.070000E-8	-3.247764E-3
3.080000E-8	-2.864063E-3
3.090000E-8	-3.655446E-3
3.100000E-8	-5.508858E-3
3.110000E-8	-8.026895E-3
3.120000E-8	-1.077789E-2
3.130000E-8	-1.322912E-2
3.140000E-8	-1.494550E-2
3.150000E-8	-1.557758E-2
3.160000E-8	-1.499689E-2
3.170000E-8	-1.322570E-2
3.180000E-8	-1.062201E-2
3.190000E-8	-7.603796E-3
3.200000E-8	-4.703772E-3
3.210000E-8	-2.377586E-3
3.220000E-8	-1.020929E-3
3.230000E-8	-8.085233E-4
3.240000E-8	-1.791757E-3
3.250000E-8	-3.754797E-3
3.260000E-8	-6.332787E-3
3.270000E-8	-9.064943E-3
3.280000E-8	-1.147678E-2
3.290000E-8	-1.306297E-2
3.300000E-8	-1.360255E-2
3.310000E-8	-1.296704E-2
3.320000E-8	-1.130206E-2
3.330000E-8	-8.843972E-3
3.340000E-8	-6.026169E-3
3.350000E-8	-3.311143E-3
3.360000E-8	-1.163104E-3
3.370000E-8	9.420140E-5
3.380000E-8	2.466539E-4
3.390000E-8	-6.577837E-4
3.400000E-8	-2.560871E-3
3.410000E-8	-5.099463E-3
3.420000E-8	-7.883007E-3
3.430000E-8	-1.039248E-2
3.440000E-8	-1.219450E-2
3.450000E-8	-1.286084E-2
3.460000E-8	-1.229385E-2
3.470000E-8	-1.053123E-2
3.480000E-8	-7.936108E-3
3.490000E-8	-4.988121E-3
3.500000E-8	-2.223420E-3
3.510000E-8	-1.593152E-4
3.520000E-8	8.838714E-4
3.530000E-8	7.656778E-4
3.540000E-8	-4.179707E-4
3.550000E-8	-2.463233E-3
3.560000E-8	-4.955575E-3
3.570000E-8	-7.501019E-3
3.580000E-8	-9.693595E-3
3.590000E-8	-1.116159E-2
3.600000E-8	-1.166863E-2
3.610000E-8	-1.113419E-2
3.620000E-8	-9.630216E-3
3.630000E-8	-7.358844E-3
3.640000E-8	-4.650670E-3
3.650000E-8	-1.985320E-3
3.660000E-8	1.473028E-4
3.670000E-8	1.351507E-3
3.680000E-8	1.361784E-3
3.690000E-8	2.004043E-4
3.700000E-8	-1.957913E-3
3.710000E-8	-4.626689E-3
3.720000E-8	-7.316021E-3
3.730000E-8	-9.544569E-3
3.740000E-8	-1.094234E-2
3.750000E-8	-1.126780E-2
3.760000E-8	-1.055350E-2
3.770000E-8	-8.909064E-3
3.780000E-8	-6.656535E-3
3.790000E-8	-4.104239E-3
3.800000E-8	-1.728377E-3
3.810000E-8	1.267474E-4
3.820000E-8	1.096277E-3
3.830000E-8	1.034611E-3
3.840000E-8	-9.251016E-5
3.850000E-8	-2.060690E-3
3.860000E-8	-4.542754E-3
3.870000E-8	-7.043661E-3
3.880000E-8	-9.133461E-3
3.890000E-8	-1.040618E-2
3.900000E-8	-1.067854E-2
3.910000E-8	-9.868316E-3
3.920000E-8	-8.215319E-3
3.930000E-8	-5.937096E-3
3.940000E-8	-3.449892E-3
3.950000E-8	-1.135697E-3
3.960000E-8	5.772533E-4
3.970000E-8	1.392618E-3
3.980000E-8	1.163082E-3
3.990000E-8	-2.399216E-5
4.000000E-8	-1.976755E-3
4.010000E-8	-4.338913E-3
4.020000E-8	-6.711349E-3
4.030000E-8	-8.686381E-3
4.040000E-8	-9.967667E-3
4.050000E-8	-1.031368E-2
4.060000E-8	-9.702160E-3
4.070000E-8	-8.162218E-3
4.080000E-8	-5.947373E-3
4.090000E-8	-3.461883E-3
4.100000E-8	-1.171669E-3
4.110000E-8	5.549850E-4
4.120000E-8	1.351507E-3
4.130000E-8	1.135675E-3
4.140000E-8	-5.139936E-5
4.150000E-8	-1.959626E-3
4.160000E-8	-4.280673E-3
4.170000E-8	-6.637692E-3
4.180000E-8	-8.626427E-3
4.190000E-8	-9.912853E-3
4.200000E-8	-1.029313E-2
4.210000E-8	-9.676466E-3
4.220000E-8	-8.189625E-3
4.230000E-8	-6.058715E-3
4.240000E-8	-3.725677E-3
4.250000E-8	-1.586203E-3
4.260000E-8	-4.797346E-5
4.270000E-8	5.892440E-4
4.280000E-8	2.654964E-4
4.290000E-8	-9.626888E-4
4.300000E-8	-2.857212E-3
4.310000E-8	-5.066917E-3
4.320000E-8	-7.302317E-3
4.330000E-8	-9.142025E-3
4.340000E-8	-1.031711E-2
4.350000E-8	-1.058090E-2
4.360000E-8	-9.888872E-3
4.370000E-8	-8.288976E-3
4.380000E-8	-6.092974E-3
4.390000E-8	-3.676002E-3
4.400000E-8	-1.565647E-3
4.410000E-8	-7.709361E-5
4.420000E-8	4.933188E-4
4.430000E-8	1.181827E-4
4.440000E-8	-1.103151E-3
4.450000E-8	-2.924017E-3
4.460000E-8	-5.063491E-3
4.470000E-8	-7.139587E-3
4.480000E-8	-8.888509E-3
4.490000E-8	-1.000193E-2
4.500000E-8	-1.027257E-2
4.510000E-8	-9.642207E-3
4.520000E-8	-8.211893E-3
4.530000E-8	-6.164918E-3
4.540000E-8	-3.850723E-3
4.550000E-8	-1.682128E-3
4.560000E-8	-1.113526E-4
4.570000E-8	6.286418E-4
4.580000E-8	3.973936E-4
4.590000E-8	-7.588477E-4
4.600000E-8	-2.622537E-3
4.610000E-8	-4.823678E-3
4.620000E-8	-7.002551E-3
4.630000E-8	-8.777167E-3
4.640000E-8	-9.799798E-3
4.650000E-8	-9.950538E-3
4.660000E-8	-9.196840E-3
4.670000E-8	-7.648333E-3
4.680000E-8	-5.642468E-3
4.690000E-8	-3.501281E-3
4.700000E-8	-1.622175E-3
4.710000E-8	-2.569534E-4
4.720000E-8	3.734123E-4
4.730000E-8	1.918395E-4
4.740000E-8	-8.239398E-4
4.750000E-8	-2.483788E-3
4.760000E-8	-4.568449E-3
4.770000E-8	-6.630841E-3
4.780000E-8	-8.348929E-3
4.790000E-8	-9.364709E-3
4.800000E-8	-9.520587E-3
4.810000E-8	-8.770315E-3
4.820000E-8	-7.302317E-3
4.830000E-8	-5.368396E-3
4.840000E-8	-3.357393E-3
4.850000E-8	-1.581064E-3
4.860000E-8	-3.665822E-4
4.870000E-8	1.507287E-4
4.880000E-8	-1.644541E-4
4.890000E-8	-1.185372E-3
4.900000E-8	-2.737305E-3
4.910000E-8	-4.559884E-3
4.920000E-8	-6.351630E-3
4.930000E-8	-7.797359E-3
4.940000E-8	-8.636705E-3
4.950000E-8	-8.705223E-3
4.960000E-8	-8.002914E-3
4.970000E-8	-6.627415E-3
4.980000E-8	-4.818539E-3
4.990000E-8	-2.891471E-3
5.000000E-8	-1.193937E-3
5.010000E-8	-1.085755E-8
5.020000E-8	4.470691E-4
5.030000E-8	1.061920E-4
5.040000E-8	-9.832442E-4
5.050000E-8	-2.591704E-3
5.060000E-8	-4.462246E-3
5.070000E-8	-6.247140E-3
5.080000E-8	-7.675740E-3
5.090000E-8	-8.451706E-3
5.100000E-8	-8.465410E-3
5.110000E-8	-7.672314E-3
5.120000E-8	-6.236862E-3
5.130000E-8	-4.371459E-3
5.140000E-8	-2.470085E-3
5.150000E-8	-8.581988E-4
5.160000E-8	1.849877E-4
5.170000E-8	5.344296E-4
5.180000E-8	1.815618E-4
5.190000E-8	-7.794031E-4
5.200000E-8	-2.216568E-3
5.210000E-8	-3.886695E-3
5.220000E-8	-5.556821E-3
5.230000E-8	-6.884357E-3
5.240000E-8	-7.646620E-3
5.250000E-8	-7.641481E-3
5.260000E-8	-6.889496E-3
5.270000E-8	-5.478025E-3
5.280000E-8	-3.705122E-3
5.290000E-8	-1.896247E-3
5.300000E-8	-4.179707E-4
5.310000E-8	5.207260E-4
5.320000E-8	7.896591E-4
5.330000E-8	3.614216E-4
5.340000E-8	-6.629225E-4
5.350000E-8	-2.077819E-3
5.360000E-8	-3.636604E-3
5.370000E-8	-5.037797E-3
5.380000E-8	-6.067280E-3
5.390000E-8	-6.543480E-3
5.400000E-8	-6.396166E-3
5.410000E-8	-5.640755E-3
5.420000E-8	-4.417709E-3
5.430000E-8	-2.924017E-3
5.440000E-8	-1.385787E-3
5.450000E-8	-6.339001E-5
5.460000E-8	8.067886E-4
5.470000E-8	1.092851E-3
5.480000E-8	7.639649E-4
5.490000E-8	-1.164915E-4
5.500000E-8	-1.404630E-3
5.510000E-8	-2.828091E-3
5.520000E-8	-4.248127E-3
5.530000E-8	-5.335850E-3
5.540000E-8	-5.995336E-3
5.550000E-8	-6.009040E-3
5.560000E-8	-5.431775E-3
5.570000E-8	-4.284099E-3
5.580000E-8	-2.834943E-3
5.590000E-8	-1.300140E-3
5.600000E-8	3.253519E-5
5.610000E-8	9.695189E-4
5.620000E-8	1.349794E-3
5.630000E-8	1.144240E-3
5.640000E-8	4.110972E-4
5.650000E-8	-7.177369E-4
5.660000E-8	-2.089810E-3
5.670000E-8	-3.379661E-3
5.680000E-8	-4.393728E-3
5.690000E-8	-4.924742E-3
5.700000E-8	-4.888770E-3
5.710000E-8	-4.289238E-3
5.720000E-8	-3.264894E-3
5.730000E-8	-1.969903E-3
5.740000E-8	-6.166729E-4
5.750000E-8	5.875310E-4
5.760000E-8	1.457710E-3
5.770000E-8	1.814003E-3
5.780000E-8	1.608449E-3
5.790000E-8	8.290570E-4
5.800000E-8	-3.957023E-4
5.810000E-8	-1.810599E-3
5.820000E-8	-3.174107E-3
5.830000E-8	-4.201877E-3
5.840000E-8	-4.714049E-3
5.850000E-8	-4.642105E-3
5.860000E-8	-4.075119E-3
5.870000E-8	-3.043923E-3
5.880000E-8	-1.793470E-3
5.890000E-8	-5.138959E-4
5.900000E-8	5.498461E-4
5.910000E-8	1.228174E-3
5.920000E-8	1.433728E-3
5.930000E-8	1.132249E-3
5.940000E-8	4.025324E-4
5.950000E-8	-6.851909E-4
5.960000E-8	-1.937357E-3
5.970000E-8	-3.115867E-3
5.980000E-8	-4.051138E-3
5.990000E-8	-4.539328E-3
6.000000E-8	-4.549606E-3
6.010000E-8	-4.028869E-3
6.020000E-8	-3.112441E-3
6.030000E-8	-1.913376E-3
6.040000E-8	-6.920427E-4
6.050000E-8	4.008195E-4
6.060000E-8	1.087712E-3
6.070000E-8	1.301831E-3
6.080000E-8	9.815095E-4
6.090000E-8	1.747100E-4
6.100000E-8	-9.798183E-4
6.110000E-8	-2.252540E-3
6.120000E-8	-3.395078E-3
6.130000E-8	-4.181322E-3
6.140000E-8	-4.508495E-3
6.150000E-8	-4.333774E-3
6.160000E-8	-3.739381E-3
6.170000E-8	-2.836656E-3
6.180000E-8	-1.803747E-3
6.190000E-8	-7.674125E-4
6.200000E-8	9.077550E-5
6.210000E-8	7.160023E-4
6.220000E-8	8.992879E-4
6.230000E-8	5.875310E-4
6.240000E-8	-1.593152E-4
6.250000E-8	-1.248751E-3
6.260000E-8	-2.495779E-3
6.270000E-8	-3.667437E-3
6.280000E-8	-4.535903E-3
6.290000E-8	-4.924742E-3
6.300000E-8	-4.791132E-3
6.310000E-8	-4.167618E-3
6.320000E-8	-3.187811E-3
6.330000E-8	-2.019579E-3
6.340000E-8	-9.147262E-4
6.350000E-8	-2.227921E-5
6.360000E-8	4.539209E-4
6.370000E-8	5.207260E-4
6.380000E-8	1.284604E-4
6.390000E-8	-6.166729E-4
6.400000E-8	-1.618749E-3
6.410000E-8	-2.680778E-3
6.420000E-8	-3.638317E-3
6.430000E-8	-4.338913E-3
6.440000E-8	-4.688355E-3
6.450000E-8	-4.619837E-3
6.460000E-8	-4.181322E-3
6.470000E-8	-3.419059E-3
6.480000E-8	-2.494066E-3
6.490000E-8	-1.553657E-3
6.500000E-8	-8.068103E-4
6.510000E-8	-3.443138E-4
6.520000E-8	-2.877865E-4
6.530000E-8	-6.149599E-4
6.540000E-8	-1.315556E-3
6.550000E-8	-2.286799E-3
6.560000E-8	-3.353967E-3
6.570000E-8	-4.299515E-3
6.580000E-8	-5.012103E-3
6.590000E-8	-5.322147E-3
6.600000E-8	-5.203953E-3
6.610000E-8	-4.638680E-3
6.620000E-8	-3.749659E-3
6.630000E-8	-2.670500E-3
6.640000E-8	-1.625600E-3
6.650000E-8	-8.033844E-4
6.660000E-8	-3.991282E-4
6.670000E-8	-4.076930E-4
6.680000E-8	-8.753283E-4
6.690000E-8	-1.658147E-3
6.700000E-8	-2.612260E-3
6.710000E-8	-3.564660E-3
6.720000E-8	-4.378311E-3
6.730000E-8	-4.928168E-3
6.740000E-8	-5.157703E-3
6.750000E-8	-5.042936E-3
6.760000E-8	-4.671226E-3
6.770000E-8	-4.066554E-3
6.780000E-8	-3.364245E-3
6.790000E-8	-2.644806E-3
6.800000E-8	-2.033283E-3
6.810000E-8	-1.625600E-3
6.820000E-8	-1.527962E-3
6.830000E-8	-1.774627E-3
6.840000E-8	-2.382724E-3
6.850000E-8	-3.259755E-3
6.860000E-8	-4.268682E-3
6.870000E-8	-5.150852E-3
6.880000E-8	-5.770940E-3
6.890000E-8	-5.959364E-3
6.900000E-8	-5.681866E-3
6.910000E-8	-5.037797E-3
6.920000E-8	-4.172757E-3
6.930000E-8	-3.309430E-3
6.940000E-8	-2.584852E-3
6.950000E-8	-2.165180E-3
6.960000E-8	-2.067542E-3
6.970000E-8	-2.252540E-3
6.980000E-8	-2.708185E-3
6.990000E-8	-3.307717E-3
7.000000E-8	-3.989472E-3
7.010000E-8	-4.703772E-3
7.020000E-8	-5.368396E-3
7.030000E-8	-5.870291E-3
7.040000E-8	-6.146076E-3
7.050000E-8	-6.110104E-3
7.060000E-8	-5.764088E-3
7.070000E-8	-5.138861E-3
7.080000E-8	-4.380024E-3
7.090000E-8	-3.638317E-3
7.100000E-8	-3.076469E-3
7.110000E-8	-2.785268E-3
7.120000E-8	-2.829804E-3
7.130000E-8	-3.174107E-3
7.140000E-8	-3.732529E-3
7.150000E-8	-4.400580E-3
7.160000E-8	-5.048075E-3
7.170000E-8	-5.604783E-3
7.180000E-8	-5.995336E-3
7.190000E-8	-6.151214E-3
7.200000E-8	-6.053576E-3
7.210000E-8	-5.683579E-3
7.220000E-8	-5.166268E-3
7.230000E-8	-4.556458E-3
7.240000E-8	-3.967203E-3
7.250000E-8	-3.502994E-3
7.260000E-8	-3.216931E-3
7.270000E-8	-3.097025E-3
7.280000E-8	-3.199802E-3
7.290000E-8	-3.502994E-3
7.300000E-8	-3.996323E-3
7.310000E-8	-4.580439E-3
7.320000E-8	-5.236499E-3
7.330000E-8	-5.762375E-3
7.340000E-8	-6.074132E-3
7.350000E-8	-6.065567E-3
7.360000E-8	-5.724690E-3
7.370000E-8	-5.142287E-3
7.380000E-8	-4.451968E-3
7.390000E-8	-3.761649E-3
7.400000E-8	-3.220357E-3
7.410000E-8	-2.939433E-3
7.420000E-8	-2.983970E-3
7.430000E-8	-3.290588E-3
7.440000E-8	-3.778779E-3
7.450000E-8	-4.356043E-3
7.460000E-8	-4.931594E-3
7.470000E-8	-5.430063E-3
7.480000E-8	-5.738394E-3
7.490000E-8	-5.808624E-3
7.500000E-8	-5.640755E-3
7.510000E-8	-5.260480E-3
7.520000E-8	-4.744883E-3
7.530000E-8	-4.148776E-3
7.540000E-8	-3.590354E-3
7.550000E-8	-3.158691E-3
7.560000E-8	-2.970266E-3
7.570000E-8	-3.011377E-3
7.580000E-8	-3.309430E-3
7.590000E-8	-3.770214E-3
7.600000E-8	-4.364608E-3
7.610000E-8	-4.936733E-3
7.620000E-8	-5.412933E-3
7.630000E-8	-5.714412E-3
7.640000E-8	-5.812050E-3
7.650000E-8	-5.656172E-3
7.660000E-8	-5.313582E-3
7.670000E-8	-4.767151E-3
7.680000E-8	-4.087110E-3
7.690000E-8	-3.410494E-3
7.700000E-8	-2.881193E-3
7.710000E-8	-2.637954E-3
7.720000E-8	-2.725314E-3
7.730000E-8	-3.062766E-3
7.740000E-8	-3.576651E-3
7.750000E-8	-4.090536E-3
7.760000E-8	-4.542754E-3
7.770000E-8	-4.851085E-3
7.780000E-8	-5.054926E-3
7.790000E-8	-5.108028E-3
7.800000E-8	-4.996686E-3
7.810000E-8	-4.729466E-3
7.820000E-8	-4.304654E-3
7.830000E-8	-3.747946E-3
7.840000E-8	-3.215218E-3
7.850000E-8	-2.822953E-3
7.860000E-8	-2.637954E-3
7.870000E-8	-2.694481E-3
7.880000E-8	-2.917165E-3
7.890000E-8	-3.235774E-3
7.900000E-8	-3.624613E-3
7.910000E-8	-3.974055E-3
7.920000E-8	-4.330349E-3
7.930000E-8	-4.609559E-3
7.940000E-8	-4.758586E-3
7.950000E-8	-4.662661E-3
7.960000E-8	-4.390302E-3
7.970000E-8	-3.912389E-3
7.980000E-8	-3.379661E-3
7.990000E-8	-2.905174E-3
8.000000E-8	-2.605408E-3
8.010000E-8	-2.511196E-3
8.020000E-8	-2.625963E-3
8.030000E-8	-2.874341E-3
8.040000E-8	-3.211792E-3
8.050000E-8	-3.535540E-3
8.060000E-8	-3.879843E-3
8.070000E-8	-4.150489E-3
8.080000E-8	-4.325210E-3
8.090000E-8	-4.292664E-3
8.100000E-8	-4.051138E-3
8.110000E-8	-3.602345E-3
8.120000E-8	-3.045636E-3
8.130000E-8	-2.468372E-3
8.140000E-8	-2.029857E-3
8.150000E-8	-1.754072E-3
8.160000E-8	-1.688980E-3
8.170000E-8	-1.748933E-3
8.180000E-8	-1.976755E-3
8.190000E-8	-2.298790E-3
8.200000E-8	-2.718463E-3
8.210000E-8	-3.156978E-3
8.220000E-8	-3.557808E-3
8.230000E-8	-3.872991E-3
8.240000E-8	-3.975768E-3
8.250000E-8	-3.806186E-3
8.260000E-8	-3.437902E-3
8.270000E-8	-2.953137E-3
8.280000E-8	-2.509483E-3
8.290000E-8	-2.187448E-3
8.300000E-8	-2.016153E-3
8.310000E-8	-1.942496E-3
8.320000E-8	-2.004162E-3
8.330000E-8	-2.072680E-3
8.340000E-8	-2.223420E-3
8.350000E-8	-2.391289E-3
8.360000E-8	-2.608834E-3
8.370000E-8	-2.834943E-3
8.380000E-8	-3.016516E-3
8.390000E-8	-3.083321E-3
8.400000E-8	-3.045636E-3
8.410000E-8	-2.891471E-3
8.420000E-8	-2.661935E-3
8.430000E-8	-2.343327E-3
8.440000E-8	-2.055551E-3
8.450000E-8	-1.824303E-3
8.460000E-8	-1.694118E-3
8.470000E-8	-1.671850E-3
8.480000E-8	-1.795183E-3
8.490000E-8	-2.052125E-3
8.500000E-8	-2.382724E-3
8.510000E-8	-2.716750E-3
8.520000E-8	-3.028507E-3
8.530000E-8	-3.254616E-3
8.540000E-8	-3.357393E-3
8.550000E-8	-3.302579E-3
8.560000E-8	-3.124432E-3
8.570000E-8	-2.853786E-3
8.580000E-8	-2.559158E-3
8.590000E-8	-2.257679E-3
8.600000E-8	-2.038421E-3
8.610000E-8	-1.925367E-3
8.620000E-8	-1.951061E-3
8.630000E-8	-2.125782E-3
8.640000E-8	-2.413557E-3
8.650000E-8	-2.747583E-3
8.660000E-8	-3.073043E-3
8.670000E-8	-3.326560E-3
8.680000E-8	-3.451605E-3
8.690000E-8	-3.408781E-3
8.700000E-8	-3.247764E-3
8.710000E-8	-3.021655E-3
8.720000E-8	-2.774990E-3
8.730000E-8	-2.524899E-3
8.740000E-8	-2.360456E-3
8.750000E-8	-2.261105E-3
8.760000E-8	-2.249114E-3
8.770000E-8	-2.262818E-3
8.780000E-8	-2.303929E-3
8.790000E-8	-2.370734E-3
8.800000E-8	-2.512909E-3
8.810000E-8	-2.759573E-3
8.820000E-8	-3.057627E-3
8.830000E-8	-3.341976E-3
8.840000E-8	-3.586928E-3
8.850000E-8	-3.646882E-3
8.860000E-8	-3.523549E-3
8.870000E-8	-3.254616E-3
8.880000E-8	-2.970266E-3
8.890000E-8	-2.703046E-3
8.900000E-8	-2.610547E-3
8.910000E-8	-2.651658E-3
8.920000E-8	-2.841795E-3
8.930000E-8	-3.059340E-3
8.940000E-8	-3.276884E-3
8.950000E-8	-3.460170E-3
8.960000E-8	-3.598919E-3
8.970000E-8	-3.699983E-3
8.980000E-8	-3.753084E-3
8.990000E-8	-3.717112E-3
9.000000E-8	-3.629752E-3
9.010000E-8	-3.439615E-3
9.020000E-8	-3.194663E-3
9.030000E-8	-2.932581E-3
9.040000E-8	-2.742444E-3
9.050000E-8	-2.627676E-3
9.060000E-8	-2.601982E-3
9.070000E-8	-2.658509E-3
9.080000E-8	-2.792119E-3
9.090000E-8	-2.968553E-3
9.100000E-8	-3.184385E-3
9.110000E-8	-3.437902E-3
9.120000E-8	-3.689705E-3
9.130000E-8	-3.852436E-3
9.140000E-8	-3.898685E-3
9.150000E-8	-3.780492E-3
9.160000E-8	-3.528688E-3
9.170000E-8	-3.215218E-3
9.180000E-8	-2.944572E-3
9.190000E-8	-2.795545E-3
9.200000E-8	-2.790406E-3
9.210000E-8	-2.855499E-3
9.220000E-8	-2.978831E-3
9.230000E-8	-3.057627E-3
9.240000E-8	-3.151839E-3
9.250000E-8	-3.252903E-3
9.260000E-8	-3.388226E-3
9.270000E-8	-3.511558E-3
9.280000E-8	-3.578364E-3
9.290000E-8	-3.552669E-3
9.300000E-8	-3.472161E-3
9.310000E-8	-3.350541E-3
9.320000E-8	-3.263181E-3
9.330000E-8	-3.186098E-3
9.340000E-8	-3.153552E-3
9.350000E-8	-3.150126E-3
9.360000E-8	-3.143274E-3
9.370000E-8	-3.115867E-3
9.380000E-8	-3.136422E-3
9.390000E-8	-3.199802E-3
9.400000E-8	-3.379661E-3
9.410000E-8	-3.588641E-3
9.420000E-8	-3.821602E-3
9.430000E-8	-4.010027E-3
9.440000E-8	-4.093961E-3
9.450000E-8	-4.081971E-3
9.460000E-8	-3.989472E-3
9.470000E-8	-3.855861E-3
9.480000E-8	-3.681141E-3
9.490000E-8	-3.530401E-3
9.500000E-8	-3.443040E-3
9.510000E-8	-3.415633E-3
9.520000E-8	-3.477299E-3
9.530000E-8	-3.597206E-3
9.540000E-8	-3.749659E-3
9.550000E-8	-3.879843E-3
9.560000E-8	-3.984333E-3
9.570000E-8	-4.054564E-3
9.580000E-8	-4.075119E-3
9.590000E-8	-4.034008E-3
9.600000E-8	-4.004888E-3
9.610000E-8	-3.920954E-3
9.620000E-8	-3.807899E-3
9.630000E-8	-3.624613E-3
9.640000E-8	-3.415633E-3
9.650000E-8	-3.210079E-3
9.660000E-8	-3.086747E-3
9.670000E-8	-3.071330E-3
9.680000E-8	-3.156978E-3
9.690000E-8	-3.304292E-3
9.700000E-8	-3.491003E-3
9.710000E-8	-3.648594E-3
9.720000E-8	-3.729103E-3
9.730000E-8	-3.799334E-3
9.740000E-8	-3.847297E-3
9.750000E-8	-3.893546E-3
9.760000E-8	-3.895259E-3
9.770000E-8	-3.840445E-3
9.780000E-8	-3.722251E-3
9.790000E-8	-3.549243E-3
9.800000E-8	-3.336838E-3
9.810000E-8	-3.156978E-3
9.820000E-8	-3.093599E-3
9.830000E-8	-3.138135E-3
9.840000E-8	-3.307717E-3
9.850000E-8	-3.530401E-3
9.860000E-8	-3.766788E-3
9.870000E-8	-3.932944E-3
9.880000E-8	-3.980907E-3
9.890000E-8	-3.948361E-3
9.900000E-8	-3.886695E-3
9.910000E-8	-3.787343E-3
9.920000E-8	-3.713687E-3
9.930000E-8	-3.650307E-3
9.940000E-8	-3.612623E-3
9.950000E-8	-3.557808E-3
9.960000E-8	-3.511558E-3
9.970000E-8	-3.467022E-3
9.980000E-8	-3.499568E-3
9.990000E-8	-3.549243E-3
1.000000E-7	-3.629752E-3
1.001000E-7	-3.734242E-3
1.002000E-7	-3.782205E-3
1.003000E-7	-3.758223E-3
1.004000E-7	-3.677715E-3
1.005000E-7	-3.520123E-3
1.006000E-7	-3.408781E-3
1.007000E-7	-3.362532E-3
1.008000E-7	-3.413920E-3
1.009000E-7	-3.513271E-3
1.010000E-7	-3.643456E-3
1.011000E-7	-3.737668E-3
1.012000E-7	-3.766788E-3
1.013000E-7	-3.703409E-3
1.014000E-7	-3.621187E-3
1.015000E-7	-3.537253E-3
1.016000E-7	-3.533827E-3
1.017000E-7	-3.547530E-3
1.018000E-7	-3.600632E-3
1.019000E-7	-3.628039E-3
1.020000E-7	-3.664011E-3
1.021000E-7	-3.610910E-3
1.022000E-7	-3.513271E-3
1.023000E-7	-3.372810E-3
1.024000E-7	-3.247764E-3
1.025000E-7	-3.184385E-3
1.026000E-7	-3.191237E-3
1.027000E-7	-3.288875E-3
1.028000E-7	-3.465309E-3
1.029000E-7	-3.629752E-3
1.030000E-7	-3.727390E-3
1.031000E-7	-3.691418E-3
1.032000E-7	-3.586928E-3
1.033000E-7	-3.479012E-3
1.034000E-7	-3.412207E-3
1.035000E-7	-3.388226E-3
1.036000E-7	-3.369384E-3
1.037000E-7	-3.290588E-3
1.038000E-7	-3.136422E-3
1.039000E-7	-2.910313E-3
1.040000E-7	-2.733879E-3
1.041000E-7	-2.673926E-3
1.042000E-7	-2.793832E-3
1.043000E-7	-3.033645E-3
1.044000E-7	-3.302579E-3
1.045000E-7	-3.449892E-3
1.046000E-7	-3.446466E-3
1.047000E-7	-3.295727E-3
1.048000E-7	-3.081608E-3
1.049000E-7	-2.939433E-3
1.050000E-7	-2.961701E-3
1.051000E-7	-3.102163E-3
1.052000E-7	-3.300866E-3
1.053000E-7	-3.458457E-3
1.054000E-7	-3.470448E-3
1.055000E-7	-3.350541E-3
1.056000E-7	-3.177533E-3
1.057000E-7	-3.001099E-3
1.058000E-7	-2.953137E-3
1.059000E-7	-2.975405E-3
1.060000E-7	-3.074756E-3
1.061000E-7	-3.215218E-3
1.062000E-7	-3.381374E-3
1.063000E-7	-3.496142E-3
1.064000E-7	-3.550956E-3
1.065000E-7	-3.513271E-3
1.066000E-7	-3.439615E-3
1.067000E-7	-3.336838E-3
1.068000E-7	-3.220357E-3
1.069000E-7	-3.129571E-3
1.070000E-7	-3.076469E-3
1.071000E-7	-3.098738E-3
1.072000E-7	-3.187811E-3
1.073000E-7	-3.290588E-3
1.074000E-7	-3.401930E-3
1.075000E-7	-3.449892E-3
1.076000E-7	-3.465309E-3
1.077000E-7	-3.398504E-3
1.078000E-7	-3.331699E-3
1.079000E-7	-3.297440E-3
1.080000E-7	-3.300866E-3
1.081000E-7	-3.312856E-3
1.082000E-7	-3.319708E-3
1.083000E-7	-3.240912E-3
1.084000E-7	-3.129571E-3
1.085000E-7	-3.028507E-3
1.086000E-7	-3.059340E-3
1.087000E-7	-3.155265E-3
1.088000E-7	-3.336838E-3
1.089000E-7	-3.485864E-3
1.090000E-7	-3.616048E-3
1.091000E-7	-3.634891E-3
1.092000E-7	-3.580076E-3
1.093000E-7	-3.467022E-3
1.094000E-7	-3.348828E-3
1.095000E-7	-3.225496E-3
1.096000E-7	-3.182672E-3
1.097000E-7	-3.177533E-3
1.098000E-7	-3.210079E-3
1.099000E-7	-3.216931E-3
1.100000E-7	-3.237486E-3
1.101000E-7	-3.215218E-3
1.102000E-7	-3.167256E-3
1.103000E-7	-3.141561E-3
1.104000E-7	-3.144987E-3
1.105000E-7	-3.191237E-3
1.106000E-7	-3.288875E-3
1.107000E-7	-3.352254E-3
1.108000E-7	-3.396791E-3
1.109000E-7	-3.355680E-3
1.110000E-7	-3.292301E-3
1.111000E-7	-3.186098E-3
1.112000E-7	-3.114154E-3
1.113000E-7	-3.021655E-3
1.114000E-7	-2.947998E-3
1.115000E-7	-2.912026E-3
1.116000E-7	-2.915452E-3
1.117000E-7	-2.985683E-3
1.118000E-7	-3.146700E-3
1.119000E-7	-3.329986E-3
1.120000E-7	-3.491003E-3
1.121000E-7	-3.588641E-3
1.122000E-7	-3.600632E-3
1.123000E-7	-3.530401E-3
1.124000E-7	-3.431050E-3
1.125000E-7	-3.326560E-3
1.126000E-7	-3.294014E-3
1.127000E-7	-3.249477E-3
1.128000E-7	-3.210079E-3
1.129000E-7	-3.076469E-3
1.130000E-7	-2.918878E-3
1.131000E-7	-2.790406E-3
1.132000E-7	-2.774990E-3
1.133000E-7	-2.857212E-3
1.134000E-7	-3.061053E-3
1.135000E-7	-3.319708E-3
1.136000E-7	-3.545817E-3
1.137000E-7	-3.660585E-3
1.138000E-7	-3.691418E-3
1.139000E-7	-3.629752E-3
1.140000E-7	-3.542392E-3
1.141000E-7	-3.460170E-3
1.142000E-7	-3.422485E-3
1.143000E-7	-3.381374E-3
1.144000E-7	-3.343689E-3
1.145000E-7	-3.295727E-3
1.146000E-7	-3.278597E-3
1.147000E-7	-3.321421E-3
1.148000E-7	-3.360819E-3
1.149000E-7	-3.408781E-3
1.150000E-7	-3.427624E-3
1.151000E-7	-3.424198E-3
1.152000E-7	-3.391652E-3
1.153000E-7	-3.347115E-3
1.154000E-7	-3.350541E-3
1.155000E-7	-3.360819E-3
1.156000E-7	-3.388226E-3
1.157000E-7	-3.362532E-3
1.158000E-7	-3.319708E-3
1.159000E-7	-3.266607E-3
1.160000E-7	-3.228922E-3
1.161000E-7	-3.251190E-3
1.162000E-7	-3.341976E-3
1.163000E-7	-3.425911E-3
1.164000E-7	-3.468735E-3
1.165000E-7	-3.429337E-3
1.166000E-7	-3.369384E-3
1.167000E-7	-3.283736E-3
1.168000E-7	-3.232348E-3
1.169000E-7	-3.208366E-3
1.170000E-7	-3.232348E-3
1.171000E-7	-3.246051E-3
1.172000E-7	-3.270033E-3
1.173000E-7	-3.264894E-3
1.174000E-7	-3.311143E-3
1.175000E-7	-3.369384E-3
1.176000E-7	-3.475587E-3
1.177000E-7	-3.528688E-3
1.178000E-7	-3.564660E-3
1.179000E-7	-3.585215E-3
1.180000E-7	-3.590354E-3
1.181000E-7	-3.574938E-3
1.182000E-7	-3.590354E-3
1.183000E-7	-3.610910E-3
1.184000E-7	-3.674289E-3
1.185000E-7	-3.686279E-3
1.186000E-7	-3.655446E-3
1.187000E-7	-3.609197E-3
1.188000E-7	-3.537253E-3
1.189000E-7	-3.420772E-3
1.190000E-7	-3.357393E-3
1.191000E-7	-3.309430E-3
1.192000E-7	-3.312856E-3
1.193000E-7	-3.306004E-3
1.194000E-7	-3.323134E-3
1.195000E-7	-3.340263E-3
1.196000E-7	-3.364245E-3
1.197000E-7	-3.371097E-3
1.198000E-7	-3.360819E-3
1.199000E-7	-3.347115E-3
1.200000E-7	-3.371097E-3
1.201000E-7	-3.425911E-3
1.202000E-7	-3.530401E-3
1.203000E-7	-3.634891E-3
1.204000E-7	-3.723964E-3
1.205000E-7	-3.730816E-3
1.206000E-7	-3.664011E-3
1.207000E-7	-3.571512E-3
1.208000E-7	-3.506420E-3
1.209000E-7	-3.470448E-3
1.210000E-7	-3.540679E-3
1.211000E-7	-3.682853E-3
1.212000E-7	-3.847297E-3
1.213000E-7	-3.968916E-3
1.214000E-7	-3.984333E-3
1.215000E-7	-3.869565E-3
1.216000E-7	-3.699983E-3
1.217000E-7	-3.526975E-3
1.218000E-7	-3.443040E-3
1.219000E-7	-3.480725E-3
1.220000E-7	-3.636604E-3
1.221000E-7	-3.821602E-3
1.222000E-7	-3.962064E-3
1.223000E-7	-3.970629E-3
1.224000E-7	-3.893546E-3
1.225000E-7	-3.768501E-3
1.226000E-7	-3.665724E-3
1.227000E-7	-3.612623E-3
1.228000E-7	-3.621187E-3
1.229000E-7	-3.689705E-3
1.230000E-7	-3.751371E-3
1.231000E-7	-3.756510E-3
1.232000E-7	-3.715400E-3
1.233000E-7	-3.669150E-3
1.234000E-7	-3.634891E-3
1.235000E-7	-3.614335E-3
1.236000E-7	-3.650307E-3
1.237000E-7	-3.677715E-3
1.238000E-7	-3.741094E-3
1.239000E-7	-3.770214E-3
1.240000E-7	-3.825028E-3
1.241000E-7	-3.876417E-3
1.242000E-7	-3.950074E-3
1.243000E-7	-3.979194E-3
1.244000E-7	-3.979194E-3
1.245000E-7	-3.939796E-3
1.246000E-7	-3.850723E-3
1.247000E-7	-3.705122E-3
1.248000E-7	-3.578364E-3
1.249000E-7	-3.475587E-3
1.250000E-7	-3.479012E-3
1.251000E-7	-3.508133E-3
1.252000E-7	-3.602345E-3
1.253000E-7	-3.648594E-3
1.254000E-7	-3.660585E-3
1.255000E-7	-3.593780E-3
1.256000E-7	-3.513271E-3
1.257000E-7	-3.437902E-3
1.258000E-7	-3.420772E-3
1.259000E-7	-3.461883E-3
1.260000E-7	-3.564660E-3
1.261000E-7	-3.640030E-3
1.262000E-7	-3.699983E-3
1.263000E-7	-3.684566E-3
1.264000E-7	-3.652020E-3
1.265000E-7	-3.583502E-3
1.266000E-7	-3.518410E-3
1.267000E-7	-3.449892E-3
1.268000E-7	-3.419059E-3
1.269000E-7	-3.384800E-3
1.270000E-7	-3.395078E-3
1.271000E-7	-3.410494E-3
1.272000E-7	-3.448179E-3
1.273000E-7	-3.444753E-3
1.274000E-7	-3.432763E-3
1.275000E-7	-3.400217E-3
1.276000E-7	-3.328273E-3
1.277000E-7	-3.252903E-3
1.278000E-7	-3.196376E-3
1.279000E-7	-3.242625E-3
1.280000E-7	-3.317995E-3
1.281000E-7	-3.389939E-3
1.282000E-7	-3.398504E-3
1.283000E-7	-3.324847E-3
1.284000E-7	-3.203227E-3
1.285000E-7	-3.073043E-3
1.286000E-7	-3.014803E-3
1.287000E-7	-3.016516E-3
1.288000E-7	-3.126145E-3
1.289000E-7	-3.264894E-3
1.290000E-7	-3.395078E-3
1.291000E-7	-3.432763E-3
1.292000E-7	-3.381374E-3
1.293000E-7	-3.271745E-3
1.294000E-7	-3.153552E-3
1.295000E-7	-3.059340E-3
1.296000E-7	-3.097025E-3
1.297000E-7	-3.210079E-3
1.298000E-7	-3.324847E-3
1.299000E-7	-3.374522E-3
1.300000E-7	-3.350541E-3
1.301000E-7	-3.252903E-3
1.302000E-7	-3.119293E-3
1.303000E-7	-3.001099E-3
1.304000E-7	-2.968553E-3
1.305000E-7	-2.980544E-3
1.306000E-7	-3.052488E-3
1.307000E-7	-3.102163E-3
1.308000E-7	-3.132997E-3
1.309000E-7	-3.151839E-3
1.310000E-7	-3.158691E-3
1.311000E-7	-3.138135E-3
1.312000E-7	-3.112441E-3
1.313000E-7	-3.043923E-3
1.314000E-7	-3.019942E-3
1.315000E-7	-2.975405E-3
1.316000E-7	-2.971979E-3
1.317000E-7	-2.958276E-3
1.318000E-7	-2.963414E-3
1.319000E-7	-2.959989E-3
1.320000E-7	-2.985683E-3
1.321000E-7	-3.004525E-3
1.322000E-7	-3.037071E-3
1.323000E-7	-3.028507E-3
1.324000E-7	-2.954850E-3
1.325000E-7	-2.831517E-3
1.326000E-7	-2.728740E-3
1.327000E-7	-2.665361E-3
1.328000E-7	-2.689342E-3
1.329000E-7	-2.798971E-3
1.330000E-7	-2.959989E-3
1.331000E-7	-3.066191E-3
1.332000E-7	-3.136422E-3
1.333000E-7	-3.119293E-3
1.334000E-7	-3.088460E-3
1.335000E-7	-3.052488E-3
1.336000E-7	-3.033645E-3
1.337000E-7	-2.980544E-3
1.338000E-7	-2.947998E-3
1.339000E-7	-2.903461E-3
1.340000E-7	-2.864063E-3
1.341000E-7	-2.838369E-3
1.342000E-7	-2.858924E-3
1.343000E-7	-2.898322E-3
1.344000E-7	-2.985683E-3
1.345000E-7	-3.059340E-3
1.346000E-7	-3.097025E-3
1.347000E-7	-3.064479E-3
1.348000E-7	-2.990822E-3
1.349000E-7	-2.872628E-3
1.350000E-7	-2.793832E-3
1.351000E-7	-2.723601E-3
1.352000E-7	-2.696194E-3
1.353000E-7	-2.730453E-3
1.354000E-7	-2.826378E-3
1.355000E-7	-2.961701E-3
1.356000E-7	-3.109015E-3
1.357000E-7	-3.215218E-3
1.358000E-7	-3.242625E-3
1.359000E-7	-3.189524E-3
1.360000E-7	-3.074756E-3
1.361000E-7	-2.956563E-3
1.362000E-7	-2.930868E-3
1.363000E-7	-2.987396E-3
1.364000E-7	-3.129571E-3
1.365000E-7	-3.287162E-3
1.366000E-7	-3.420772E-3
1.367000E-7	-3.494429E-3
1.368000E-7	-3.484151E-3
1.369000E-7	-3.403643E-3
1.370000E-7	-3.307717E-3
1.371000E-7	-3.196376E-3
1.372000E-7	-3.091886E-3
1.373000E-7	-3.007951E-3
1.374000E-7	-2.971979E-3
1.375000E-7	-3.006238E-3
1.376000E-7	-3.093599E-3
1.377000E-7	-3.175820E-3
1.378000E-7	-3.258042E-3
1.379000E-7	-3.254616E-3
1.380000E-7	-3.194663E-3
1.381000E-7	-3.076469E-3
1.382000E-7	-2.990822E-3
1.383000E-7	-2.963414E-3
1.384000E-7	-3.042210E-3
1.385000E-7	-3.163830E-3
1.386000E-7	-3.324847E-3
1.387000E-7	-3.468735E-3
1.388000E-7	-3.554382E-3
1.389000E-7	-3.544105E-3
1.390000E-7	-3.449892E-3
1.391000E-7	-3.326560E-3
1.392000E-7	-3.184385E-3
1.393000E-7	-3.090173E-3
1.394000E-7	-3.052488E-3
1.395000E-7	-3.107302E-3
1.396000E-7	-3.239199E-3
1.397000E-7	-3.369384E-3
1.398000E-7	-3.449892E-3
1.399000E-7	-3.461883E-3
1.400000E-7	-3.425911E-3
1.401000E-7	-3.396791E-3
1.402000E-7	-3.407069E-3
1.403000E-7	-3.443040E-3
1.404000E-7	-3.552669E-3
1.405000E-7	-3.631465E-3
1.406000E-7	-3.676002E-3
1.407000E-7	-3.640030E-3
1.408000E-7	-3.612623E-3
1.409000E-7	-3.576651E-3
1.410000E-7	-3.598919E-3
1.411000E-7	-3.619474E-3
1.412000E-7	-3.633178E-3
1.413000E-7	-3.598919E-3
1.414000E-7	-3.511558E-3
1.415000E-7	-3.396791E-3
1.416000E-7	-3.347115E-3
1.417000E-7	-3.314569E-3
1.418000E-7	-3.384800E-3
1.419000E-7	-3.451605E-3
1.420000E-7	-3.518410E-3
1.421000E-7	-3.585215E-3
1.422000E-7	-3.660585E-3
1.423000E-7	-3.725677E-3
1.424000E-7	-3.783918E-3
1.425000E-7	-3.838732E-3
1.426000E-7	-3.884982E-3
1.427000E-7	-3.881556E-3
1.428000E-7	-3.828454E-3
1.429000E-7	-3.732529E-3
1.430000E-7	-3.628039E-3
1.431000E-7	-3.502994E-3
1.432000E-7	-3.427624E-3
1.433000E-7	-3.352254E-3
1.434000E-7	-3.362532E-3
1.435000E-7	-3.425911E-3
1.436000E-7	-3.537253E-3
1.437000E-7	-3.614335E-3
1.438000E-7	-3.648594E-3
1.439000E-7	-3.667437E-3
1.440000E-7	-3.646882E-3
1.441000E-7	-3.590354E-3
1.442000E-7	-3.521836E-3
1.443000E-7	-3.453318E-3
1.444000E-7	-3.434476E-3
1.445000E-7	-3.463596E-3
1.446000E-7	-3.525262E-3
1.447000E-7	-3.556095E-3
1.448000E-7	-3.592067E-3
1.449000E-7	-3.578364E-3
1.450000E-7	-3.571512E-3
1.451000E-7	-3.533827E-3
1.452000E-7	-3.518410E-3
1.453000E-7	-3.540679E-3
1.454000E-7	-3.653733E-3
1.455000E-7	-3.789056E-3
1.456000E-7	-3.895259E-3
1.457000E-7	-3.956925E-3
1.458000E-7	-3.955213E-3
1.459000E-7	-3.910676E-3
1.460000E-7	-3.874704E-3
1.461000E-7	-3.842158E-3
1.462000E-7	-3.850723E-3
1.463000E-7	-3.828454E-3
1.464000E-7	-3.804473E-3
1.465000E-7	-3.717112E-3
1.466000E-7	-3.600632E-3
1.467000E-7	-3.473874E-3
1.468000E-7	-3.395078E-3
1.469000E-7	-3.355680E-3
1.470000E-7	-3.364245E-3
1.471000E-7	-3.360819E-3
1.472000E-7	-3.365958E-3
1.473000E-7	-3.362532E-3
1.474000E-7	-3.369384E-3
1.475000E-7	-3.410494E-3
1.476000E-7	-3.502994E-3
1.477000E-7	-3.590354E-3
1.478000E-7	-3.660585E-3
1.479000E-7	-3.730816E-3
1.480000E-7	-3.747946E-3
1.481000E-7	-3.694844E-3
1.482000E-7	-3.626326E-3
1.483000E-7	-3.513271E-3
1.484000E-7	-3.407069E-3
1.485000E-7	-3.306004E-3
1.486000E-7	-3.258042E-3
1.487000E-7	-3.259755E-3
1.488000E-7	-3.311143E-3
1.489000E-7	-3.341976E-3
1.490000E-7	-3.359106E-3
1.491000E-7	-3.326560E-3
1.492000E-7	-3.254616E-3
1.493000E-7	-3.143274E-3
1.494000E-7	-3.050775E-3
1.495000E-7	-3.007951E-3
1.496000E-7	-3.035358E-3
1.497000E-7	-3.074756E-3
1.498000E-7	-3.153552E-3
1.499000E-7	-3.201515E-3
1.500000E-7	-3.203227E-3
1.501000E-7	-3.107302E-3
1.502000E-7	-2.990822E-3
1.503000E-7	-2.925730E-3
1.504000E-7	-2.932581E-3
1.505000E-7	-2.963414E-3
1.506000E-7	-3.054201E-3
1.507000E-7	-3.112441E-3
1.508000E-7	-3.103876E-3
1.509000E-7	-3.033645E-3
1.510000E-7	-2.966840E-3
1.511000E-7	-2.913739E-3
1.512000E-7	-2.912026E-3
1.513000E-7	-2.941146E-3
1.514000E-7	-2.994248E-3
1.515000E-7	-3.047349E-3
1.516000E-7	-3.132997E-3
1.517000E-7	-3.180959E-3
1.518000E-7	-3.210079E-3
1.519000E-7	-3.167256E-3
1.520000E-7	-3.107302E-3
1.521000E-7	-3.023368E-3
1.522000E-7	-2.977118E-3
1.523000E-7	-2.920591E-3
1.524000E-7	-2.891471E-3
1.525000E-7	-2.862350E-3
1.526000E-7	-2.852073E-3
1.527000E-7	-2.831517E-3
1.528000E-7	-2.845221E-3
1.529000E-7	-2.860637E-3
1.530000E-7	-2.886332E-3
1.531000E-7	-2.903461E-3
1.532000E-7	-2.932581E-3
1.533000E-7	-2.954850E-3
1.534000E-7	-3.033645E-3
1.535000E-7	-3.073043E-3
1.536000E-7	-3.081608E-3
1.537000E-7	-3.019942E-3
1.538000E-7	-2.937720E-3
1.539000E-7	-2.848647E-3
1.540000E-7	-2.798971E-3
1.541000E-7	-2.780129E-3
1.542000E-7	-2.788694E-3
1.543000E-7	-2.785268E-3
1.544000E-7	-2.735592E-3
1.545000E-7	-2.665361E-3
1.546000E-7	-2.591704E-3
1.547000E-7	-2.607121E-3
1.548000E-7	-2.709898E-3
1.549000E-7	-2.874341E-3
1.550000E-7	-3.026794E-3
1.551000E-7	-3.115867E-3
1.552000E-7	-3.073043E-3
1.553000E-7	-2.939433E-3
1.554000E-7	-2.816101E-3
1.555000E-7	-2.744157E-3
1.556000E-7	-2.747583E-3
1.557000E-7	-2.819527E-3
1.558000E-7	-2.925730E-3
1.559000E-7	-2.989109E-3
1.560000E-7	-3.013090E-3
1.561000E-7	-2.954850E-3
1.562000E-7	-2.934294E-3
1.563000E-7	-2.947998E-3
1.564000E-7	-3.014803E-3
1.565000E-7	-3.085034E-3
1.566000E-7	-3.180959E-3
1.567000E-7	-3.210079E-3
1.568000E-7	-3.206653E-3
1.569000E-7	-3.139848E-3
1.570000E-7	-3.083321E-3
1.571000E-7	-3.023368E-3
1.572000E-7	-2.946285E-3
1.573000E-7	-2.853786E-3
1.574000E-7	-2.802397E-3
1.575000E-7	-2.810962E-3
1.576000E-7	-2.888045E-3
1.577000E-7	-2.997673E-3
1.578000E-7	-3.073043E-3
1.579000E-7	-3.074756E-3
1.580000E-7	-3.054201E-3
1.581000E-7	-3.001099E-3
1.582000E-7	-3.004525E-3
1.583000E-7	-3.086747E-3
1.584000E-7	-3.210079E-3
1.585000E-7	-3.317995E-3
1.586000E-7	-3.369384E-3
1.587000E-7	-3.341976E-3
1.588000E-7	-3.271745E-3
1.589000E-7	-3.204940E-3
1.590000E-7	-3.191237E-3
1.591000E-7	-3.198089E-3
1.592000E-7	-3.258042E-3
1.593000E-7	-3.297440E-3
1.594000E-7	-3.357393E-3
1.595000E-7	-3.393365E-3
1.596000E-7	-3.429337E-3
1.597000E-7	-3.441328E-3
1.598000E-7	-3.456744E-3
1.599000E-7	-3.453318E-3
1.600000E-7	-3.455031E-3
1.601000E-7	-3.427624E-3
1.602000E-7	-3.425911E-3
1.603000E-7	-3.420772E-3
1.604000E-7	-3.463596E-3
1.605000E-7	-3.460170E-3
1.606000E-7	-3.473874E-3
1.607000E-7	-3.528688E-3
1.608000E-7	-3.621187E-3
1.609000E-7	-3.711974E-3
1.610000E-7	-3.794195E-3
1.611000E-7	-3.837019E-3
1.612000E-7	-3.861000E-3
1.613000E-7	-3.785630E-3
1.614000E-7	-3.795908E-3
1.615000E-7	-3.794195E-3
1.616000E-7	-3.847297E-3
1.617000E-7	-3.893546E-3
1.618000E-7	-3.922666E-3
1.619000E-7	-3.884982E-3
1.620000E-7	-3.821602E-3
1.621000E-7	-3.758223E-3
1.622000E-7	-3.787343E-3
1.623000E-7	-3.876417E-3
1.624000E-7	-3.999749E-3
1.625000E-7	-4.073406E-3
1.626000E-7	-4.105952E-3
1.627000E-7	-4.063128E-3
1.628000E-7	-3.967203E-3
1.629000E-7	-3.869565E-3
1.630000E-7	-3.881556E-3
1.631000E-7	-3.975768E-3
1.632000E-7	-4.184748E-3
1.633000E-7	-4.356043E-3
1.634000E-7	-4.469098E-3
1.635000E-7	-4.467385E-3
1.636000E-7	-4.374885E-3
1.637000E-7	-4.203590E-3
1.638000E-7	-4.069980E-3
1.639000E-7	-4.022018E-3
1.640000E-7	-4.081971E-3
1.641000E-7	-4.193313E-3
1.642000E-7	-4.275534E-3
1.643000E-7	-4.335487E-3
1.644000E-7	-4.320071E-3
1.645000E-7	-4.258405E-3
1.646000E-7	-4.242988E-3
1.647000E-7	-4.242988E-3
1.648000E-7	-4.292664E-3
1.649000E-7	-4.299515E-3
1.650000E-7	-4.287525E-3
1.651000E-7	-4.198451E-3
1.652000E-7	-4.090536E-3
1.653000E-7	-3.972342E-3
1.654000E-7	-3.944935E-3
1.655000E-7	-4.045999E-3
1.656000E-7	-4.237849E-3
1.657000E-7	-4.450255E-3
1.658000E-7	-4.618124E-3
1.659000E-7	-4.688355E-3
1.660000E-7	-4.628402E-3
1.661000E-7	-4.486227E-3
1.662000E-7	-4.321784E-3
1.663000E-7	-4.177896E-3
1.664000E-7	-4.160767E-3
1.665000E-7	-4.239562E-3
1.666000E-7	-4.402292E-3
1.667000E-7	-4.556458E-3
1.668000E-7	-4.667800E-3
1.669000E-7	-4.659235E-3
1.670000E-7	-4.539328E-3
1.671000E-7	-4.335487E-3
1.672000E-7	-4.138498E-3
1.673000E-7	-3.956925E-3
1.674000E-7	-3.869565E-3
1.675000E-7	-3.869565E-3
1.676000E-7	-3.987759E-3
1.677000E-7	-4.162479E-3
1.678000E-7	-4.350904E-3
1.679000E-7	-4.487940E-3
1.680000E-7	-4.585578E-3
1.681000E-7	-4.600995E-3
1.682000E-7	-4.554745E-3
1.683000E-7	-4.412570E-3
1.684000E-7	-4.278960E-3
1.685000E-7	-4.133359E-3
1.686000E-7	-4.042573E-3
1.687000E-7	-3.987759E-3
1.688000E-7	-4.004888E-3
1.689000E-7	-4.023731E-3
1.690000E-7	-4.054564E-3
1.691000E-7	-4.042573E-3
1.692000E-7	-4.016879E-3
1.693000E-7	-3.974055E-3
1.694000E-7	-3.919241E-3
1.695000E-7	-3.874704E-3
1.696000E-7	-3.878130E-3
1.697000E-7	-3.845584E-3
1.698000E-7	-3.833593E-3
1.699000E-7	-3.787343E-3
1.700000E-7	-3.746233E-3
1.701000E-7	-3.698270E-3
1.702000E-7	-3.691418E-3
1.703000E-7	-3.677715E-3
1.704000E-7	-3.720538E-3
1.705000E-7	-3.739381E-3
1.706000E-7	-3.713687E-3
1.707000E-7	-3.643456E-3
1.708000E-7	-3.561234E-3
1.709000E-7	-3.511558E-3
1.710000E-7	-3.501281E-3
1.711000E-7	-3.544105E-3
1.712000E-7	-3.634891E-3
1.713000E-7	-3.722251E-3
1.714000E-7	-3.814751E-3
1.715000E-7	-3.837019E-3
1.716000E-7	-3.797621E-3
1.717000E-7	-3.708548E-3
1.718000E-7	-3.595493E-3
1.719000E-7	-3.427624E-3
1.720000E-7	-3.292301E-3
1.721000E-7	-3.189524E-3
1.722000E-7	-3.160404E-3
1.723000E-7	-3.177533E-3
1.724000E-7	-3.210079E-3
1.725000E-7	-3.204940E-3
1.726000E-7	-3.163830E-3
1.727000E-7	-3.093599E-3
1.728000E-7	-3.047349E-3
1.729000E-7	-3.038784E-3
1.730000E-7	-3.081608E-3
1.731000E-7	-3.131284E-3
1.732000E-7	-3.151839E-3
1.733000E-7	-3.064479E-3
1.734000E-7	-2.884619E-3
1.735000E-7	-2.608834E-3
1.736000E-7	-2.372447E-3
1.737000E-7	-2.202865E-3
1.738000E-7	-2.192587E-3
1.739000E-7	-2.345039E-3
1.740000E-7	-2.632815E-3
1.741000E-7	-2.944572E-3
1.742000E-7	-3.182672E-3
1.743000E-7	-3.268320E-3
1.744000E-7	-3.237486E-3
1.745000E-7	-3.091886E-3
1.746000E-7	-2.879480E-3
1.747000E-7	-2.663648E-3
1.748000E-7	-2.492353E-3
1.749000E-7	-2.386150E-3
1.750000E-7	-2.329623E-3
1.751000E-7	-2.293651E-3
1.752000E-7	-2.333049E-3
1.753000E-7	-2.401567E-3
1.754000E-7	-2.495779E-3
1.755000E-7	-2.572862E-3
1.756000E-7	-2.651658E-3
1.757000E-7	-2.665361E-3
1.758000E-7	-2.646519E-3
1.759000E-7	-2.591704E-3
1.760000E-7	-2.557445E-3
1.761000E-7	-2.509483E-3
1.762000E-7	-2.497492E-3
1.763000E-7	-2.495779E-3
1.764000E-7	-2.531751E-3
1.765000E-7	-2.523186E-3
1.766000E-7	-2.468372E-3
1.767000E-7	-2.363882E-3
1.768000E-7	-2.271383E-3
1.769000E-7	-2.226846E-3
1.770000E-7	-2.233698E-3
1.771000E-7	-2.274809E-3
1.772000E-7	-2.293651E-3
1.773000E-7	-2.278234E-3
1.774000E-7	-2.202865E-3
1.775000E-7	-2.048699E-3
1.776000E-7	-1.966478E-3
1.777000E-7	-1.959626E-3
1.778000E-7	-2.077819E-3
1.779000E-7	-2.274809E-3
1.780000E-7	-2.499205E-3
1.781000E-7	-2.646519E-3
1.782000E-7	-2.694481E-3
1.783000E-7	-2.608834E-3
1.784000E-7	-2.446104E-3
1.785000E-7	-2.257679E-3
1.786000E-7	-2.132634E-3
1.787000E-7	-2.081245E-3
1.788000E-7	-2.158328E-3
1.789000E-7	-2.339901E-3
1.790000E-7	-2.536890E-3
1.791000E-7	-2.701333E-3
1.792000E-7	-2.816101E-3
1.793000E-7	-2.817814E-3
1.794000E-7	-2.711611E-3
1.795000E-7	-2.543742E-3
1.796000E-7	-2.415270E-3
1.797000E-7	-2.310780E-3
1.798000E-7	-2.273096E-3
1.799000E-7	-2.293651E-3
1.800000E-7	-2.408419E-3
1.801000E-7	-2.490640E-3
1.802000E-7	-2.538603E-3
1.803000E-7	-2.511196E-3
1.804000E-7	-2.476937E-3
1.805000E-7	-2.413557E-3
1.806000E-7	-2.446104E-3
1.807000E-7	-2.538603E-3
1.808000E-7	-2.672213E-3
1.809000E-7	-2.795545E-3
1.810000E-7	-2.869202E-3
1.811000E-7	-2.795545E-3
1.812000E-7	-2.620824E-3
1.813000E-7	-2.427261E-3
1.814000E-7	-2.319345E-3
1.815000E-7	-2.338188E-3
1.816000E-7	-2.538603E-3
1.817000E-7	-2.829804E-3
1.818000E-7	-3.134709E-3
1.819000E-7	-3.340263E-3
1.820000E-7	-3.413920E-3
1.821000E-7	-3.323134E-3
1.822000E-7	-3.160404E-3
1.823000E-7	-3.002812E-3
1.824000E-7	-2.965127E-3
1.825000E-7	-3.007951E-3
1.826000E-7	-3.136422E-3
1.827000E-7	-3.251190E-3
1.828000E-7	-3.341976E-3
1.829000E-7	-3.359106E-3
1.830000E-7	-3.328273E-3
1.831000E-7	-3.283736E-3
1.832000E-7	-3.285449E-3
1.833000E-7	-3.294014E-3
1.834000E-7	-3.362532E-3
1.835000E-7	-3.403643E-3
1.836000E-7	-3.437902E-3
1.837000E-7	-3.458457E-3
1.838000E-7	-3.502994E-3
1.839000E-7	-3.535540E-3
1.840000E-7	-3.569799E-3
1.841000E-7	-3.626326E-3
1.842000E-7	-3.677715E-3
1.843000E-7	-3.729103E-3
1.844000E-7	-3.802760E-3
1.845000E-7	-3.884982E-3
1.846000E-7	-4.004888E-3
1.847000E-7	-4.075119E-3
1.848000E-7	-4.063128E-3
1.849000E-7	-4.037434E-3
1.850000E-7	-3.972342E-3
1.851000E-7	-3.850723E-3
1.852000E-7	-3.741094E-3
1.853000E-7	-3.667437E-3
1.854000E-7	-3.658872E-3
1.855000E-7	-3.676002E-3
1.856000E-7	-3.722251E-3
1.857000E-7	-3.699983E-3
1.858000E-7	-3.643456E-3
1.859000E-7	-3.540679E-3
1.860000E-7	-3.491003E-3
1.861000E-7	-3.463596E-3
1.862000E-7	-3.530401E-3
1.863000E-7	-3.677715E-3
1.864000E-7	-3.854148E-3
1.865000E-7	-4.022018E-3
1.866000E-7	-4.143637E-3
1.867000E-7	-4.193313E-3
1.868000E-7	-4.249840E-3
1.869000E-7	-4.277247E-3
1.870000E-7	-4.287525E-3
1.871000E-7	-4.246414E-3
1.872000E-7	-4.200164E-3
1.873000E-7	-4.107665E-3
1.874000E-7	-4.027156E-3
1.875000E-7	-3.965490E-3
1.876000E-7	-3.941509E-3
1.877000E-7	-3.917528E-3
1.878000E-7	-3.919241E-3
1.879000E-7	-3.886695E-3
1.880000E-7	-3.843871E-3
1.881000E-7	-3.809612E-3
1.882000E-7	-3.883269E-3
1.883000E-7	-4.013453E-3
1.884000E-7	-4.183035E-3
1.885000E-7	-4.313219E-3
1.886000E-7	-4.397154E-3
1.887000E-7	-4.359469E-3
1.888000E-7	-4.278960E-3
1.889000E-7	-4.172757E-3
1.890000E-7	-4.088823E-3
1.891000E-7	-4.027156E-3
1.892000E-7	-4.010027E-3
1.893000E-7	-3.974055E-3
1.894000E-7	-4.004888E-3
1.895000E-7	-4.064841E-3
1.896000E-7	-4.140211E-3
1.897000E-7	-4.198451E-3
1.898000E-7	-4.263544E-3
1.899000E-7	-4.258405E-3
1.900000E-7	-4.236136E-3
1.901000E-7	-4.165905E-3
1.902000E-7	-4.133359E-3
1.903000E-7	-4.059702E-3
1.904000E-7	-4.059702E-3
1.905000E-7	-4.063128E-3
1.906000E-7	-4.088823E-3
1.907000E-7	-4.085397E-3
1.908000E-7	-4.069980E-3
1.909000E-7	-4.080258E-3
1.910000E-7	-4.117943E-3
1.911000E-7	-4.092249E-3
1.912000E-7	-4.105952E-3
1.913000E-7	-4.107665E-3
1.914000E-7	-4.104239E-3
1.915000E-7	-4.061415E-3
1.916000E-7	-4.015166E-3
1.917000E-7	-3.975768E-3
1.918000E-7	-3.946648E-3
1.919000E-7	-3.872991E-3
1.920000E-7	-3.801047E-3
1.921000E-7	-3.686279E-3
1.922000E-7	-3.612623E-3
1.923000E-7	-3.581789E-3
1.924000E-7	-3.617761E-3
1.925000E-7	-3.684566E-3
1.926000E-7	-3.773640E-3
1.927000E-7	-3.801047E-3
1.928000E-7	-3.840445E-3
1.929000E-7	-3.862713E-3
1.930000E-7	-3.874704E-3
1.931000E-7	-3.861000E-3
1.932000E-7	-3.884982E-3
1.933000E-7	-3.866139E-3
1.934000E-7	-3.780492E-3
1.935000E-7	-3.612623E-3
1.936000E-7	-3.456744E-3
1.937000E-7	-3.341976E-3
1.938000E-7	-3.311143E-3
1.939000E-7	-3.400217E-3
1.940000E-7	-3.604058E-3
1.941000E-7	-3.785630E-3
1.942000E-7	-3.905537E-3
1.943000E-7	-3.842158E-3
1.944000E-7	-3.665724E-3
1.945000E-7	-3.449892E-3
1.946000E-7	-3.295727E-3
1.947000E-7	-3.232348E-3
1.948000E-7	-3.287162E-3
1.949000E-7	-3.388226E-3
1.950000E-7	-3.477299E-3
1.951000E-7	-3.473874E-3
1.952000E-7	-3.395078E-3
1.953000E-7	-3.264894E-3
1.954000E-7	-3.158691E-3
1.955000E-7	-3.078182E-3
1.956000E-7	-3.038784E-3
1.957000E-7	-3.045636E-3
1.958000E-7	-3.100450E-3
1.959000E-7	-3.138135E-3
1.960000E-7	-3.153552E-3
1.961000E-7	-3.151839E-3
1.962000E-7	-3.139848E-3
1.963000E-7	-3.088460E-3
1.964000E-7	-3.057627E-3
1.965000E-7	-3.047349E-3
1.966000E-7	-3.050775E-3
1.967000E-7	-3.030219E-3
1.968000E-7	-2.983970E-3
1.969000E-7	-2.927442E-3
1.970000E-7	-2.913739E-3
1.971000E-7	-2.936007E-3
1.972000E-7	-3.006238E-3
1.973000E-7	-3.069617E-3
1.974000E-7	-3.131284E-3
1.975000E-7	-3.114154E-3
1.976000E-7	-3.037071E-3
1.977000E-7	-2.893183E-3
1.978000E-7	-2.783555E-3
1.979000E-7	-2.682491E-3
1.980000E-7	-2.649945E-3
1.981000E-7	-2.658509E-3
1.982000E-7	-2.711611E-3
1.983000E-7	-2.771564E-3
1.984000E-7	-2.888045E-3
1.985000E-7	-3.030219E-3
1.986000E-7	-3.132997E-3
1.987000E-7	-3.150126E-3
1.988000E-7	-3.098738E-3
1.989000E-7	-2.965127E-3
1.990000E-7	-2.828091E-3
1.991000E-7	-2.699620E-3
1.992000E-7	-2.660222E-3
1.993000E-7	-2.651658E-3
1.994000E-7	-2.692768E-3
1.995000E-7	-2.687629E-3
1.996000E-7	-2.684204E-3
1.997000E-7	-2.656796E-3
1.998000E-7	-2.691055E-3
1.999000E-7	-2.744157E-3
2.000000E-7	-2.840082E-3
2.001000E-7	-2.927442E-3
