Study Name	Tungsten_Calibration
Sample Name	2025-04-28
Run Name	spot1
Operator	Angus
Date	4/28/2025
Time	6:34 PM
Sign	NEG
Grating Spacing	06.40um
Channel	3
Number Traces	10000
Files in Batch	1
Batch Number	1
dt	100.000001E-12
time stamp (ms)	6:34:39 PM
	
Time	Amplitude
0.000000E+0	-2.774978E-3
1.000000E-10	-2.874329E-3
2.000000E-10	-2.989096E-3
3.000000E-10	-3.050763E-3
4.000000E-10	-3.043911E-3
5.000000E-10	-2.965115E-3
6.000000E-10	-2.884606E-3
7.000000E-10	-2.793820E-3
8.000000E-10	-2.754422E-3
9.000000E-10	-2.798959E-3
1.000000E-9	-2.896597E-3
1.100000E-9	-3.004513E-3
1.200000E-9	-3.115855E-3
1.300000E-9	-3.160391E-3
1.400000E-9	-3.144975E-3
1.500000E-9	-3.079883E-3
1.600000E-9	-2.992522E-3
1.700000E-9	-2.913727E-3
1.800000E-9	-2.848634E-3
1.900000E-9	-2.829792E-3
2.000000E-9	-2.879468E-3
2.100000E-9	-2.963402E-3
2.200000E-9	-3.061040E-3
2.300000E-9	-3.139836E-3
2.400000E-9	-3.192937E-3
2.500000E-9	-3.208354E-3
2.600000E-9	-3.216919E-3
2.700000E-9	-3.186086E-3
2.800000E-9	-3.184373E-3
2.900000E-9	-3.155253E-3
3.000000E-9	-3.127845E-3
3.100000E-9	-3.083309E-3
3.200000E-9	-3.021642E-3
3.300000E-9	-2.983958E-3
3.400000E-9	-2.971967E-3
3.500000E-9	-2.971967E-3
3.600000E-9	-3.014791E-3
3.700000E-9	-3.045624E-3
3.800000E-9	-3.081596E-3
3.900000E-9	-3.097012E-3
4.000000E-9	-3.172382E-3
4.100000E-9	-3.244326E-3
4.200000E-9	-3.352242E-3
4.300000E-9	-3.391640E-3
4.400000E-9	-3.405343E-3
4.500000E-9	-3.326548E-3
4.600000E-9	-3.220345E-3
4.700000E-9	-3.079883E-3
4.800000E-9	-2.971967E-3
4.900000E-9	-2.913727E-3
5.000000E-9	-2.949699E-3
5.100000E-9	-3.021642E-3
5.200000E-9	-3.131271E-3
5.300000E-9	-3.208354E-3
5.400000E-9	-3.252891E-3
5.500000E-9	-3.232335E-3
5.600000E-9	-3.177521E-3
5.700000E-9	-3.047337E-3
5.800000E-9	-2.930856E-3
5.900000E-9	-2.834931E-3
6.000000E-9	-2.778404E-3
6.100000E-9	-2.766413E-3
6.200000E-9	-2.781829E-3
6.300000E-9	-2.817801E-3
6.400000E-9	-2.908588E-3
6.500000E-9	-3.013078E-3
6.600000E-9	-3.162104E-3
6.700000E-9	-3.282011E-3
6.800000E-9	-3.371084E-3
6.900000E-9	-3.355668E-3
7.000000E-9	-3.268307E-3
7.100000E-9	-3.100438E-3
7.200000E-9	-2.939421E-3
7.300000E-9	-2.812663E-3
7.400000E-9	-2.769839E-3
7.500000E-9	-2.819514E-3
7.600000E-9	-2.924004E-3
7.700000E-9	-3.002800E-3
7.800000E-9	-3.088447E-3
7.900000E-9	-3.122706E-3
8.000000E-9	-3.129558E-3
8.100000E-9	-3.098725E-3
8.200000E-9	-3.095299E-3
8.300000E-9	-3.042198E-3
8.400000E-9	-3.035346E-3
8.500000E-9	-2.997661E-3
8.600000E-9	-2.985670E-3
8.700000E-9	-2.959976E-3
8.800000E-9	-2.965115E-3
8.900000E-9	-2.980532E-3
9.000000E-9	-3.019929E-3
9.100000E-9	-3.019929E-3
9.200000E-9	-2.990809E-3
9.300000E-9	-2.896597E-3
9.400000E-9	-2.790394E-3
9.500000E-9	-2.670488E-3
9.600000E-9	-2.634516E-3
9.700000E-9	-2.679052E-3
9.800000E-9	-2.831505E-3
9.900000E-9	-2.983958E-3
1.000000E-8	-3.105577E-3
1.010000E-8	-3.158678E-3
1.020000E-8	-3.129558E-3
1.030000E-8	-3.061040E-3
1.040000E-8	-2.995948E-3
1.050000E-8	-2.949699E-3
1.060000E-8	-2.958263E-3
1.070000E-8	-2.970254E-3
1.080000E-8	-2.989096E-3
1.090000E-8	-2.947986E-3
1.100000E-8	-2.882893E-3
1.110000E-8	-2.822940E-3
1.120000E-8	-2.817801E-3
1.130000E-8	-2.857199E-3
1.140000E-8	-2.956550E-3
1.150000E-8	-3.076457E-3
1.160000E-8	-3.187799E-3
1.170000E-8	-3.254604E-3
1.180000E-8	-3.232335E-3
1.190000E-8	-3.115855E-3
1.200000E-8	-2.995948E-3
1.210000E-8	-2.864051E-3
1.220000E-8	-2.812663E-3
1.230000E-8	-2.843496E-3
1.240000E-8	-2.985670E-3
1.250000E-8	-3.131271E-3
1.260000E-8	-3.285437E-3
1.270000E-8	-3.312844E-3
1.280000E-8	-3.249465E-3
1.290000E-8	-3.097012E-3
1.300000E-8	-2.965115E-3
1.310000E-8	-2.905162E-3
1.320000E-8	-2.917152E-3
1.330000E-8	-2.965115E-3
1.340000E-8	-3.033633E-3
1.350000E-8	-3.038772E-3
1.360000E-8	-3.001087E-3
1.370000E-8	-2.908588E-3
1.380000E-8	-2.879468E-3
1.390000E-8	-2.894884E-3
1.400000E-8	-3.021642E-3
1.410000E-8	-3.141549E-3
1.420000E-8	-3.266594E-3
1.430000E-8	-3.273446E-3
1.440000E-8	-3.223771E-3
1.450000E-8	-3.112429E-3
1.460000E-8	-2.997661E-3
1.470000E-8	-2.870903E-3
1.480000E-8	-2.816088E-3
1.490000E-8	-2.804098E-3
1.500000E-8	-2.891458E-3
1.510000E-8	-2.997661E-3
1.520000E-8	-3.105577E-3
1.530000E-8	-3.141549E-3
1.540000E-8	-3.150114E-3
1.550000E-8	-3.126132E-3
1.560000E-8	-3.117568E-3
1.570000E-8	-3.114142E-3
1.580000E-8	-3.165530E-3
1.590000E-8	-3.194650E-3
1.600000E-8	-3.203215E-3
1.610000E-8	-3.141549E-3
1.620000E-8	-3.086735E-3
1.630000E-8	-2.980532E-3
1.640000E-8	-2.901736E-3
1.650000E-8	-2.828079E-3
1.660000E-8	-2.762987E-3
1.670000E-8	-2.740719E-3
1.680000E-8	-2.744144E-3
1.690000E-8	-2.771552E-3
1.700000E-8	-2.821227E-3
1.710000E-8	-2.843496E-3
1.720000E-8	-2.838357E-3
1.730000E-8	-2.776691E-3
1.740000E-8	-2.747570E-3
1.750000E-8	-2.742432E-3
1.760000E-8	-2.797246E-3
1.770000E-8	-2.898310E-3
1.780000E-8	-2.992522E-3
1.790000E-8	-3.045624E-3
1.800000E-8	-3.049050E-3
1.810000E-8	-3.006226E-3
1.820000E-8	-3.006226E-3
1.830000E-8	-3.030207E-3
1.840000E-8	-3.107290E-3
1.850000E-8	-3.170669E-3
1.860000E-8	-3.172382E-3
1.870000E-8	-3.088447E-3
1.880000E-8	-2.965115E-3
1.890000E-8	-2.822940E-3
1.900000E-8	-2.727015E-3
1.910000E-8	-2.685904E-3
1.920000E-8	-2.715024E-3
1.930000E-8	-2.773265E-3
1.940000E-8	-2.858912E-3
1.950000E-8	-2.917152E-3
1.960000E-8	-2.975393E-3
1.970000E-8	-3.002800E-3
1.980000E-8	-3.055901E-3
1.990000E-8	-3.076457E-3
2.000000E-8	-3.091873E-3
2.010000E-8	-3.071318E-3
2.020000E-8	-3.025068E-3
2.030000E-8	-2.983958E-3
2.040000E-8	-2.961689E-3
2.050000E-8	-2.951411E-3
2.060000E-8	-2.971967E-3
2.070000E-8	-2.983958E-3
2.080000E-8	-3.030207E-3
2.090000E-8	-3.057614E-3
2.100000E-8	-3.081596E-3
2.110000E-8	-3.054188E-3
2.120000E-8	-2.999374E-3
2.130000E-8	-2.876042E-3
2.140000E-8	-2.716737E-3
2.150000E-8	-2.565998E-3
2.160000E-8	-2.504331E-3
2.170000E-8	-2.495767E-3
2.180000E-8	-2.617386E-3
2.190000E-8	-2.774978E-3
2.200000E-8	-2.934282E-3
2.210000E-8	-3.018217E-3
2.220000E-8	-3.016504E-3
2.230000E-8	-2.905162E-3
2.240000E-8	-2.752709E-3
2.250000E-8	-2.564285E-3
2.260000E-8	-2.430675E-3
2.270000E-8	-2.387851E-3
2.280000E-8	-2.470072E-3
2.290000E-8	-2.627664E-3
2.300000E-8	-2.846922E-3
2.310000E-8	-3.035346E-3
2.320000E-8	-3.156965E-3
2.330000E-8	-3.138123E-3
2.340000E-8	-3.021642E-3
2.350000E-8	-2.812663E-3
2.360000E-8	-2.629377E-3
2.370000E-8	-2.518035E-3
2.380000E-8	-2.533452E-3
2.390000E-8	-2.634516E-3
2.400000E-8	-2.831505E-3
2.410000E-8	-3.030207E-3
2.420000E-8	-3.263168E-3
2.430000E-8	-3.566361E-3
2.440000E-8	-4.068255E-3
2.450000E-8	-4.923017E-3
2.460000E-8	-6.368747E-3
2.470000E-8	-8.503083E-3
2.480000E-8	-1.141338E-2
2.490000E-8	-1.496433E-2
2.500000E-8	-1.895379E-2
2.510000E-8	-2.308200E-2
2.520000E-8	-2.711428E-2
2.530000E-8	-3.087421E-2
2.540000E-8	-3.437548E-2
2.550000E-8	-3.749134E-2
2.560000E-8	-4.016011E-2
2.570000E-8	-4.227561E-2
2.580000E-8	-4.378471E-2
2.590000E-8	-4.463263E-2
2.600000E-8	-4.463091E-2
2.610000E-8	-4.366310E-2
2.620000E-8	-4.164524E-2
2.630000E-8	-3.874179E-2
2.640000E-8	-3.514973E-2
2.650000E-8	-3.108662E-2
2.660000E-8	-2.698239E-2
2.670000E-8	-2.317107E-2
2.680000E-8	-2.001582E-2
2.690000E-8	-1.769477E-2
2.700000E-8	-1.641691E-2
2.710000E-8	-1.614798E-2
2.720000E-8	-1.681946E-2
2.730000E-8	-1.822065E-2
2.740000E-8	-2.017512E-2
2.750000E-8	-2.242937E-2
2.760000E-8	-2.482064E-2
2.770000E-8	-2.714512E-2
2.780000E-8	-2.934626E-2
2.790000E-8	-3.132814E-2
2.800000E-8	-3.311304E-2
2.810000E-8	-3.456733E-2
2.820000E-8	-3.558140E-2
2.830000E-8	-3.607987E-2
2.840000E-8	-3.591885E-2
2.850000E-8	-3.507608E-2
2.860000E-8	-3.356183E-2
2.870000E-8	-3.146689E-2
2.880000E-8	-2.882895E-2
2.890000E-8	-2.577133E-2
2.900000E-8	-2.247390E-2
2.910000E-8	-1.916962E-2
2.920000E-8	-1.610687E-2
2.930000E-8	-1.355800E-2
2.940000E-8	-1.177996E-2
2.950000E-8	-1.088237E-2
2.960000E-8	-1.093890E-2
2.970000E-8	-1.179709E-2
2.980000E-8	-1.336443E-2
2.990000E-8	-1.539428E-2
3.000000E-8	-1.777699E-2
3.010000E-8	-2.028475E-2
3.020000E-8	-2.283362E-2
3.030000E-8	-2.523689E-2
3.040000E-8	-2.736609E-2
3.050000E-8	-2.905334E-2
3.060000E-8	-3.023699E-2
3.070000E-8	-3.078514E-2
3.080000E-8	-3.067208E-2
3.090000E-8	-2.985158E-2
3.100000E-8	-2.840756E-2
3.110000E-8	-2.637086E-2
3.120000E-8	-2.385625E-2
3.130000E-8	-2.099905E-2
3.140000E-8	-1.798426E-2
3.150000E-8	-1.497975E-2
3.160000E-8	-1.222361E-2
3.170000E-8	-9.849461E-3
3.180000E-8	-8.062854E-3
3.190000E-8	-6.995687E-3
3.200000E-8	-6.778142E-3
3.210000E-8	-7.413646E-3
3.220000E-8	-8.823404E-3
3.230000E-8	-1.087723E-2
3.240000E-8	-1.341925E-2
3.250000E-8	-1.618052E-2
3.260000E-8	-1.897092E-2
3.270000E-8	-2.156604E-2
3.280000E-8	-2.380315E-2
3.290000E-8	-2.554865E-2
3.300000E-8	-2.670146E-2
3.310000E-8	-2.724618E-2
3.320000E-8	-2.716739E-2
3.330000E-8	-2.642739E-2
3.340000E-8	-2.505703E-2
3.350000E-8	-2.305631E-2
3.360000E-8	-2.054170E-2
3.370000E-8	-1.762797E-2
3.380000E-8	-1.450697E-2
3.390000E-8	-1.135857E-2
3.400000E-8	-8.497944E-3
3.410000E-8	-6.127221E-3
3.420000E-8	-4.479363E-3
3.430000E-8	-3.592055E-3
3.440000E-8	-3.573212E-3
3.450000E-8	-4.316633E-3
3.460000E-8	-5.829168E-3
3.470000E-8	-7.942948E-3
3.480000E-8	-1.053807E-2
3.490000E-8	-1.336443E-2
3.500000E-8	-1.621650E-2
3.510000E-8	-1.887328E-2
3.520000E-8	-2.112581E-2
3.530000E-8	-2.287645E-2
3.540000E-8	-2.406695E-2
3.550000E-8	-2.462879E-2
3.560000E-8	-2.452944E-2
3.570000E-8	-2.372436E-2
3.580000E-8	-2.228377E-2
3.590000E-8	-2.023165E-2
3.600000E-8	-1.774102E-2
3.610000E-8	-1.491465E-2
3.620000E-8	-1.200264E-2
3.630000E-8	-9.183124E-3
3.640000E-8	-6.680504E-3
3.650000E-8	-4.602695E-3
3.660000E-8	-3.081596E-3
3.670000E-8	-2.218269E-3
3.680000E-8	-2.053826E-3
3.690000E-8	-2.627664E-3
3.700000E-8	-3.927793E-3
3.710000E-8	-5.848010E-3
3.720000E-8	-8.283825E-3
3.730000E-8	-1.103311E-2
3.740000E-8	-1.386804E-2
3.750000E-8	-1.659506E-2
3.760000E-8	-1.900518E-2
3.770000E-8	-2.095109E-2
3.780000E-8	-2.228890E-2
3.790000E-8	-2.291927E-2
3.800000E-8	-2.284904E-2
3.810000E-8	-2.206280E-2
3.820000E-8	-2.066845E-2
3.830000E-8	-1.864032E-2
3.840000E-8	-1.617367E-2
3.850000E-8	-1.340555E-2
3.860000E-8	-1.053464E-2
3.870000E-8	-7.745959E-3
3.880000E-8	-5.236487E-3
3.890000E-8	-3.148401E-3
3.900000E-8	-1.670125E-3
3.910000E-8	-8.530476E-4
3.920000E-8	-7.571224E-4
3.930000E-8	-1.408043E-3
3.940000E-8	-2.800672E-3
3.950000E-8	-4.796259E-3
3.960000E-8	-7.268046E-3
3.970000E-8	-1.000363E-2
3.980000E-8	-1.278032E-2
3.990000E-8	-1.541484E-2
4.000000E-8	-1.774102E-2
4.010000E-8	-1.960129E-2
4.020000E-8	-2.092711E-2
4.030000E-8	-2.158317E-2
4.040000E-8	-2.152664E-2
4.050000E-8	-2.068387E-2
4.060000E-8	-1.917476E-2
4.070000E-8	-1.706441E-2
4.080000E-8	-1.452410E-2
4.090000E-8	-1.170801E-2
4.100000E-8	-8.861089E-3
4.110000E-8	-6.135786E-3
4.120000E-8	-3.758211E-3
4.130000E-8	-1.860262E-3
4.140000E-8	-5.995310E-4
4.150000E-8	6.853284E-6
4.160000E-8	-9.934962E-5
4.170000E-8	-9.130009E-4
4.180000E-8	-2.389564E-3
4.190000E-8	-4.405706E-3
4.200000E-8	-6.832956E-3
4.210000E-8	-9.488029E-3
4.220000E-8	-1.219963E-2
4.230000E-8	-1.474336E-2
4.240000E-8	-1.697533E-2
4.250000E-8	-1.873453E-2
4.260000E-8	-1.991818E-2
4.270000E-8	-2.040466E-2
4.280000E-8	-2.016827E-2
4.290000E-8	-1.928439E-2
4.300000E-8	-1.779584E-2
4.310000E-8	-1.580025E-2
4.320000E-8	-1.346207E-2
4.330000E-8	-1.094918E-2
4.340000E-8	-8.439703E-3
4.350000E-8	-6.033009E-3
4.360000E-8	-3.840433E-3
4.370000E-8	-1.995585E-3
4.380000E-8	-6.389289E-4
4.390000E-8	9.592669E-5
4.400000E-8	1.113432E-4
4.410000E-8	-6.457807E-4
4.420000E-8	-2.141186E-3
4.430000E-8	-4.263531E-3
4.440000E-8	-6.800410E-3
4.450000E-8	-9.527427E-3
4.460000E-8	-1.216708E-2
4.470000E-8	-1.453781E-2
4.480000E-8	-1.649057E-2
4.490000E-8	-1.790889E-2
4.500000E-8	-1.880648E-2
4.510000E-8	-1.910796E-2
4.520000E-8	-1.880648E-2
4.530000E-8	-1.789005E-2
4.540000E-8	-1.643575E-2
4.550000E-8	-1.449669E-2
4.560000E-8	-1.222190E-2
4.570000E-8	-9.739833E-3
4.580000E-8	-7.216657E-3
4.590000E-8	-4.820240E-3
4.600000E-8	-2.696182E-3
4.610000E-8	-9.952225E-4
4.620000E-8	1.593058E-4
4.630000E-8	6.714779E-4
4.640000E-8	4.933311E-4
4.650000E-8	-3.408756E-4
4.660000E-8	-1.767763E-3
4.670000E-8	-3.643443E-3
4.680000E-8	-5.902824E-3
4.690000E-8	-8.335213E-3
4.700000E-8	-1.080186E-2
4.710000E-8	-1.309721E-2
4.720000E-8	-1.505512E-2
4.730000E-8	-1.651798E-2
4.740000E-8	-1.741899E-2
4.750000E-8	-1.764681E-2
4.760000E-8	-1.723056E-2
4.770000E-8	-1.625932E-2
4.780000E-8	-1.478104E-2
4.790000E-8	-1.286939E-2
4.800000E-8	-1.068538E-2
4.810000E-8	-8.340352E-3
4.820000E-8	-5.974768E-3
4.830000E-8	-3.753072E-3
4.840000E-8	-1.844846E-3
4.850000E-8	-3.854123E-4
4.860000E-8	5.395808E-4
4.870000E-8	9.027262E-4
4.880000E-8	6.663391E-4
4.890000E-8	-1.199050E-4
4.900000E-8	-1.406331E-3
4.910000E-8	-3.055901E-3
4.920000E-8	-5.029220E-3
4.930000E-8	-7.144713E-3
4.940000E-8	-9.323586E-3
4.950000E-8	-1.137741E-2
4.960000E-8	-1.317601E-2
4.970000E-8	-1.460461E-2
4.980000E-8	-1.552275E-2
4.990000E-8	-1.582081E-2
5.000000E-8	-1.546451E-2
5.010000E-8	-1.445901E-2
5.020000E-8	-1.293277E-2
5.030000E-8	-1.091834E-2
5.040000E-8	-8.679516E-3
5.050000E-8	-6.312219E-3
5.060000E-8	-4.003163E-3
5.070000E-8	-1.875679E-3
5.080000E-8	-1.079144E-4
5.090000E-8	1.236751E-3
5.100000E-8	2.069245E-3
5.110000E-8	2.379289E-3
5.120000E-8	2.154893E-3
5.130000E-8	1.406333E-3
5.140000E-8	1.456022E-4
5.150000E-8	-1.502256E-3
5.160000E-8	-3.444741E-3
5.170000E-8	-5.507133E-3
5.180000E-8	-7.590080E-3
5.190000E-8	-9.493168E-3
5.200000E-8	-1.108450E-2
5.210000E-8	-1.226472E-2
5.220000E-8	-1.299786E-2
5.230000E-8	-1.318115E-2
5.240000E-8	-1.285569E-2
5.250000E-8	-1.200435E-2
5.260000E-8	-1.065969E-2
5.270000E-8	-8.909052E-3
5.280000E-8	-6.874067E-3
5.290000E-8	-4.691769E-3
5.300000E-8	-2.523174E-3
5.310000E-8	-5.258742E-4
5.320000E-8	1.115132E-3
5.330000E-8	2.341604E-3
5.340000E-8	3.052478E-3
5.350000E-8	3.249468E-3
5.360000E-8	2.942850E-3
5.370000E-8	2.175448E-3
5.380000E-8	1.027772E-3
5.390000E-8	-4.299490E-4
5.400000E-8	-2.125770E-3
5.410000E-8	-3.951774E-3
5.420000E-8	-5.801760E-3
5.430000E-8	-7.531840E-3
5.440000E-8	-8.996412E-3
5.450000E-8	-1.003960E-2
5.460000E-8	-1.060830E-2
5.470000E-8	-1.063913E-2
5.480000E-8	-1.021946E-2
5.490000E-8	-9.357845E-3
5.500000E-8	-8.143363E-3
5.510000E-8	-6.620550E-3
5.520000E-8	-4.885332E-3
5.530000E-8	-2.966828E-3
5.540000E-8	-1.005500E-3
5.550000E-8	8.701801E-4
5.560000E-8	2.528316E-3
5.570000E-8	3.787334E-3
5.580000E-8	4.522190E-3
5.590000E-8	4.717466E-3
5.600000E-8	4.352608E-3
5.610000E-8	3.545808E-3
5.620000E-8	2.363873E-3
5.630000E-8	9.215686E-4
5.640000E-8	-6.988821E-4
5.650000E-8	-2.389564E-3
5.660000E-8	-4.102514E-3
5.670000E-8	-5.733242E-3
5.680000E-8	-7.172120E-3
5.690000E-8	-8.208455E-3
5.700000E-8	-8.772016E-3
5.710000E-8	-8.775442E-3
5.720000E-8	-8.299242E-3
5.730000E-8	-7.374248E-3
5.740000E-8	-6.125508E-3
5.750000E-8	-4.585566E-3
5.760000E-8	-2.908588E-3
5.770000E-8	-1.128833E-3
5.780000E-8	6.252283E-4
5.790000E-8	2.266234E-3
5.800000E-8	3.650298E-3
5.810000E-8	4.662652E-3
5.820000E-8	5.167972E-3
5.830000E-8	5.233064E-3
5.840000E-8	4.852789E-3
5.850000E-8	4.071684E-3
5.860000E-8	2.965118E-3
5.870000E-8	1.572490E-3
5.880000E-8	-2.740572E-5
5.890000E-8	-1.757485E-3
5.900000E-8	-3.511546E-3
5.910000E-8	-5.080608E-3
5.920000E-8	-6.363608E-3
5.930000E-8	-7.197815E-3
5.940000E-8	-7.584941E-3
5.950000E-8	-7.483877E-3
5.960000E-8	-7.033371E-3
5.970000E-8	-6.248840E-3
5.980000E-8	-5.253616E-3
5.990000E-8	-4.080246E-3
6.000000E-8	-2.783542E-3
6.010000E-8	-1.354942E-3
6.020000E-8	9.763964E-5
6.030000E-8	1.533092E-3
6.040000E-8	2.814378E-3
6.050000E-8	3.806176E-3
6.060000E-8	4.378302E-3
6.070000E-8	4.494782E-3
6.080000E-8	4.129924E-3
6.090000E-8	3.328263E-3
6.100000E-8	2.160031E-3
6.110000E-8	7.656902E-4
6.120000E-8	-7.759649E-4
6.130000E-8	-2.331324E-3
6.140000E-8	-3.828442E-3
6.150000E-8	-5.164543E-3
6.160000E-8	-6.265970E-3
6.170000E-8	-7.077908E-3
6.180000E-8	-7.542118E-3
6.190000E-8	-7.643182E-3
6.200000E-8	-7.379387E-3
6.210000E-8	-6.743883E-3
6.220000E-8	-5.812038E-3
6.230000E-8	-4.621538E-3
6.240000E-8	-3.282011E-3
6.250000E-8	-1.856836E-3
6.260000E-8	-5.344389E-4
6.270000E-8	6.697650E-4
6.280000E-8	1.596471E-3
6.290000E-8	2.285077E-3
6.300000E-8	2.607111E-3
6.310000E-8	2.617389E-3
6.320000E-8	2.279938E-3
6.330000E-8	1.623878E-3
6.340000E-8	6.766168E-4
6.350000E-8	-5.155965E-4
6.360000E-8	-1.882531E-3
6.370000E-8	-3.316270E-3
6.380000E-8	-4.760287E-3
6.390000E-8	-6.077545E-3
6.400000E-8	-7.202953E-3
6.410000E-8	-8.037160E-3
6.420000E-8	-8.566462E-3
6.430000E-8	-8.701785E-3
6.440000E-8	-8.448268E-3
6.450000E-8	-7.819616E-3
6.460000E-8	-6.922030E-3
6.470000E-8	-5.813751E-3
6.480000E-8	-4.588992E-3
6.490000E-8	-3.379649E-3
6.500000E-8	-2.252528E-3
6.510000E-8	-1.224758E-3
6.520000E-8	-3.819864E-4
6.530000E-8	2.552310E-4
6.540000E-8	5.995340E-4
6.550000E-8	6.183765E-4
6.560000E-8	2.655087E-4
6.570000E-8	-4.265231E-4
6.580000E-8	-1.409756E-3
6.590000E-8	-2.584840E-3
6.600000E-8	-3.902099E-3
6.610000E-8	-5.236487E-3
6.620000E-8	-6.531477E-3
6.630000E-8	-7.672302E-3
6.640000E-8	-8.653822E-3
6.650000E-8	-9.347567E-3
6.660000E-8	-9.727842E-3
6.670000E-8	-9.732981E-3
6.680000E-8	-9.414372E-3
6.690000E-8	-8.814839E-3
6.700000E-8	-8.001188E-3
6.710000E-8	-7.023094E-3
6.720000E-8	-5.955926E-3
6.730000E-8	-4.854499E-3
6.740000E-8	-3.792470E-3
6.750000E-8	-2.790394E-3
6.760000E-8	-1.969891E-3
6.770000E-8	-1.377210E-3
6.780000E-8	-1.096287E-3
6.790000E-8	-1.133971E-3
6.800000E-8	-1.493691E-3
6.810000E-8	-2.094936E-3
6.820000E-8	-2.971967E-3
6.830000E-8	-4.075107E-3
6.840000E-8	-5.346116E-3
6.850000E-8	-6.659948E-3
6.860000E-8	-7.925818E-3
6.870000E-8	-9.034097E-3
6.880000E-8	-9.859739E-3
6.890000E-8	-1.034964E-2
6.900000E-8	-1.057233E-2
6.910000E-8	-1.049867E-2
6.920000E-8	-1.017150E-2
6.930000E-8	-9.607935E-3
6.940000E-8	-8.847386E-3
6.950000E-8	-7.920680E-3
6.960000E-8	-6.899761E-3
6.970000E-8	-5.839445E-3
6.980000E-8	-4.823666E-3
6.990000E-8	-3.948348E-3
7.000000E-8	-3.249465E-3
7.010000E-8	-2.759561E-3
7.020000E-8	-2.531739E-3
7.030000E-8	-2.610534E-3
7.040000E-8	-2.985670E-3
7.050000E-8	-3.590342E-3
7.060000E-8	-4.386864E-3
7.070000E-8	-5.286162E-3
7.080000E-8	-6.255692E-3
7.090000E-8	-7.184111E-3
7.100000E-8	-8.090262E-3
7.110000E-8	-8.888496E-3
7.120000E-8	-9.565112E-3
7.130000E-8	-1.000020E-2
7.140000E-8	-1.017835E-2
7.150000E-8	-9.998488E-3
7.160000E-8	-9.559973E-3
7.170000E-8	-8.864515E-3
7.180000E-8	-8.030308E-3
7.190000E-8	-7.115593E-3
7.200000E-8	-6.241989E-3
7.210000E-8	-5.395791E-3
7.220000E-8	-4.609547E-3
7.230000E-8	-3.907238E-3
7.240000E-8	-3.331686E-3
7.250000E-8	-2.915440E-3
7.260000E-8	-2.706460E-3
7.270000E-8	-2.711598E-3
7.280000E-8	-2.942847E-3
7.290000E-8	-3.345390E-3
7.300000E-8	-3.932932E-3
7.310000E-8	-4.626677E-3
7.320000E-8	-5.438615E-3
7.330000E-8	-6.324210E-3
7.340000E-8	-7.247490E-3
7.350000E-8	-8.115956E-3
7.360000E-8	-8.809701E-3
7.370000E-8	-9.201966E-3
7.380000E-8	-9.236225E-3
7.390000E-8	-8.924468E-3
7.400000E-8	-8.326649E-3
7.410000E-8	-7.538692E-3
7.420000E-8	-6.689068E-3
7.430000E-8	-5.832593E-3
7.440000E-8	-5.024081E-3
7.450000E-8	-4.237837E-3
7.460000E-8	-3.508120E-3
7.470000E-8	-2.793820E-3
7.480000E-8	-2.177158E-3
7.490000E-8	-1.683828E-3
7.500000E-8	-1.421747E-3
7.510000E-8	-1.418321E-3
7.520000E-8	-1.709523E-3
7.530000E-8	-2.225121E-3
7.540000E-8	-2.917152E-3
7.550000E-8	-3.670850E-3
7.560000E-8	-4.392002E-3
7.570000E-8	-4.993248E-3
7.580000E-8	-5.501994E-3
7.590000E-8	-5.918241E-3
7.600000E-8	-6.248840E-3
7.610000E-8	-6.476663E-3
7.620000E-8	-6.564023E-3
7.630000E-8	-6.454394E-3
7.640000E-8	-6.147776E-3
7.650000E-8	-5.591067E-3
7.660000E-8	-4.840795E-3
7.670000E-8	-3.991172E-3
7.680000E-8	-3.119281E-3
7.690000E-8	-2.305629E-3
7.700000E-8	-1.601607E-3
7.710000E-8	-1.003787E-3
7.720000E-8	-5.567073E-4
7.730000E-8	-2.312468E-4
7.740000E-8	-5.995177E-5
7.750000E-8	-3.768342E-5
7.760000E-8	-1.678676E-4
7.770000E-8	-4.282360E-4
7.780000E-8	-8.564735E-4
7.790000E-8	-1.399479E-3
7.800000E-8	-2.029844E-3
7.810000E-8	-2.696182E-3
7.820000E-8	-3.314557E-3
7.830000E-8	-3.816451E-3
7.840000E-8	-4.177884E-3
7.850000E-8	-4.320059E-3
7.860000E-8	-4.254966E-3
7.870000E-8	-3.994598E-3
7.880000E-8	-3.564648E-3
7.890000E-8	-3.019929E-3
7.900000E-8	-2.403267E-3
7.910000E-8	-1.778041E-3
7.920000E-8	-1.169943E-3
7.930000E-8	-5.447166E-4
7.940000E-8	8.051014E-5
7.950000E-8	6.920333E-4
7.960000E-8	1.228187E-3
7.970000E-8	1.622165E-3
7.980000E-8	1.774618E-3
7.990000E-8	1.632443E-3
8.000000E-8	1.241890E-3
8.010000E-8	7.108758E-4
8.020000E-8	1.284727E-4
8.030000E-8	-4.487914E-4
8.040000E-8	-9.815189E-4
8.050000E-8	-1.452580E-3
8.060000E-8	-1.872253E-3
8.070000E-8	-2.233685E-3
8.080000E-8	-2.559146E-3
8.090000E-8	-2.783542E-3
8.100000E-8	-2.858912E-3
8.110000E-8	-2.735580E-3
8.120000E-8	-2.449517E-3
8.130000E-8	-1.963039E-3
8.140000E-8	-1.332674E-3
8.150000E-8	-6.183735E-4
8.160000E-8	6.338064E-5
8.170000E-8	6.868945E-4
8.180000E-8	1.130549E-3
8.190000E-8	1.432028E-3
8.200000E-8	1.577628E-3
8.210000E-8	1.622165E-3
8.220000E-8	1.577628E-3
8.230000E-8	1.478277E-3
8.240000E-8	1.294992E-3
8.250000E-8	1.015781E-3
8.260000E-8	6.492096E-4
8.270000E-8	1.987037E-4
8.280000E-8	-3.220331E-4
8.290000E-8	-8.753160E-4
8.300000E-8	-1.360081E-3
8.310000E-8	-1.747208E-3
8.320000E-8	-1.993872E-3
8.330000E-8	-2.081233E-3
8.340000E-8	-2.043548E-3
8.350000E-8	-1.897947E-3
8.360000E-8	-1.699245E-3
8.370000E-8	-1.428599E-3
8.380000E-8	-1.144249E-3
8.390000E-8	-7.759649E-4
8.400000E-8	-4.111065E-4
8.410000E-8	-1.027622E-5
8.420000E-8	3.545821E-4
8.430000E-8	6.629132E-4
8.440000E-8	8.701801E-4
8.450000E-8	9.832348E-4
8.460000E-8	9.404111E-4
8.470000E-8	7.725420E-4
8.480000E-8	4.436555E-4
8.490000E-8	3.254753E-5
8.500000E-8	-4.505044E-4
8.510000E-8	-9.489728E-4
8.520000E-8	-1.447441E-3
8.530000E-8	-1.913364E-3
8.540000E-8	-2.339888E-3
8.550000E-8	-2.691043E-3
8.560000E-8	-3.007939E-3
8.570000E-8	-3.249465E-3
8.580000E-8	-3.415621E-3
8.590000E-8	-3.456732E-3
8.600000E-8	-3.371084E-3
8.610000E-8	-3.143262E-3
8.620000E-8	-2.792107E-3
8.630000E-8	-2.355305E-3
8.640000E-8	-1.942484E-3
8.650000E-8	-1.589616E-3
8.660000E-8	-1.342951E-3
8.670000E-8	-1.171656E-3
8.680000E-8	-1.135684E-3
8.690000E-8	-1.133971E-3
8.700000E-8	-1.209341E-3
8.710000E-8	-1.310405E-3
8.720000E-8	-1.488552E-3
8.730000E-8	-1.772902E-3
8.740000E-8	-2.137760E-3
8.750000E-8	-2.571137E-3
8.760000E-8	-3.064466E-3
8.770000E-8	-3.550944E-3
8.780000E-8	-3.979181E-3
8.790000E-8	-4.318346E-3
8.800000E-8	-4.559872E-3
8.810000E-8	-4.693482E-3
8.820000E-8	-4.736305E-3
8.830000E-8	-4.666074E-3
8.840000E-8	-4.529038E-3
8.850000E-8	-4.313207E-3
8.860000E-8	-4.051125E-3
8.870000E-8	-3.765063E-3
8.880000E-8	-3.496130E-3
8.890000E-8	-3.266594E-3
8.900000E-8	-3.062753E-3
8.910000E-8	-2.906875E-3
8.920000E-8	-2.809237E-3
8.930000E-8	-2.781829E-3
8.940000E-8	-2.821227E-3
8.950000E-8	-2.941134E-3
8.960000E-8	-3.136410E-3
8.970000E-8	-3.371084E-3
8.980000E-8	-3.646869E-3
8.990000E-8	-3.929506E-3
9.000000E-8	-4.251541E-3
9.010000E-8	-4.609547E-3
9.020000E-8	-5.006952E-3
9.030000E-8	-5.366671E-3
9.040000E-8	-5.668150E-3
9.050000E-8	-5.873704E-3
9.060000E-8	-5.937083E-3
9.070000E-8	-5.871991E-3
9.080000E-8	-5.690419E-3
9.090000E-8	-5.445467E-3
9.100000E-8	-5.176534E-3
9.110000E-8	-4.873341E-3
9.120000E-8	-4.594131E-3
9.130000E-8	-4.280661E-3
9.140000E-8	-4.023718E-3
9.150000E-8	-3.777053E-3
9.160000E-8	-3.617749E-3
9.170000E-8	-3.568073E-3
9.180000E-8	-3.612610E-3
9.190000E-8	-3.746220E-3
9.200000E-8	-3.927793E-3
9.210000E-8	-4.164180E-3
9.220000E-8	-4.419410E-3
9.230000E-8	-4.655797E-3
9.240000E-8	-4.907600E-3
9.250000E-8	-5.109729E-3
9.260000E-8	-5.298153E-3
9.270000E-8	-5.426624E-3
9.280000E-8	-5.510559E-3
9.290000E-8	-5.515698E-3
9.300000E-8	-5.512272E-3
9.310000E-8	-5.467735E-3
9.320000E-8	-5.412921E-3
9.330000E-8	-5.325560E-3
9.340000E-8	-5.210793E-3
9.350000E-8	-5.070331E-3
9.360000E-8	-4.926443E-3
9.370000E-8	-4.729454E-3
9.380000E-8	-4.513622E-3
9.390000E-8	-4.299503E-3
9.400000E-8	-4.107653E-3
9.410000E-8	-3.953487E-3
9.420000E-8	-3.838720E-3
9.430000E-8	-3.811312E-3
9.440000E-8	-3.876404E-3
9.450000E-8	-4.030570E-3
9.460000E-8	-4.229272E-3
9.470000E-8	-4.467372E-3
9.480000E-8	-4.691769E-3
9.490000E-8	-4.857925E-3
9.500000E-8	-4.972693E-3
9.510000E-8	-5.039498E-3
9.520000E-8	-5.053201E-3
9.530000E-8	-5.015516E-3
9.540000E-8	-4.941859E-3
9.550000E-8	-4.830518E-3
9.560000E-8	-4.652371E-3
9.570000E-8	-4.397141E-3
9.580000E-8	-4.150476E-3
9.590000E-8	-3.903812E-3
9.600000E-8	-3.727378E-3
9.610000E-8	-3.607471E-3
9.620000E-8	-3.523537E-3
9.630000E-8	-3.441315E-3
9.640000E-8	-3.379649E-3
9.650000E-8	-3.273446E-3
9.660000E-8	-3.199789E-3
9.670000E-8	-3.134697E-3
9.680000E-8	-3.187799E-3
9.690000E-8	-3.314557E-3
9.700000E-8	-3.525250E-3
9.710000E-8	-3.715387E-3
9.720000E-8	-3.862701E-3
9.730000E-8	-3.962052E-3
9.740000E-8	-3.982607E-3
9.750000E-8	-3.955200E-3
9.760000E-8	-3.905525E-3
9.770000E-8	-3.843858E-3
9.780000E-8	-3.807886E-3
9.790000E-8	-3.742794E-3
9.800000E-8	-3.614323E-3
9.810000E-8	-3.408769E-3
9.820000E-8	-3.201502E-3
9.830000E-8	-2.971967E-3
9.840000E-8	-2.785255E-3
9.850000E-8	-2.636229E-3
9.860000E-8	-2.540303E-3
9.870000E-8	-2.471785E-3
9.880000E-8	-2.415258E-3
9.890000E-8	-2.327898E-3
9.900000E-8	-2.233685E-3
9.910000E-8	-2.136047E-3
9.920000E-8	-2.093223E-3
9.930000E-8	-2.098362E-3
9.940000E-8	-2.199426E-3
9.950000E-8	-2.303916E-3
9.960000E-8	-2.434101E-3
9.970000E-8	-2.523174E-3
9.980000E-8	-2.572849E-3
9.990000E-8	-2.564285E-3
1.000000E-7	-2.519748E-3
1.001000E-7	-2.444378E-3
1.002000E-7	-2.411832E-3
1.003000E-7	-2.369008E-3
1.004000E-7	-2.341601E-3
1.005000E-7	-2.269657E-3
1.006000E-7	-2.201139E-3
1.007000E-7	-2.081233E-3
1.008000E-7	-1.959613E-3
1.009000E-7	-1.795170E-3
1.010000E-7	-1.642718E-3
1.011000E-7	-1.481700E-3
1.012000E-7	-1.354942E-3
1.013000E-7	-1.262443E-3
1.014000E-7	-1.271007E-3
1.015000E-7	-1.348090E-3
1.016000E-7	-1.531376E-3
1.017000E-7	-1.745495E-3
1.018000E-7	-1.951049E-3
1.019000E-7	-2.136047E-3
1.020000E-7	-2.267944E-3
1.021000E-7	-2.369008E-3
1.022000E-7	-2.464934E-3
1.023000E-7	-2.492341E-3
1.024000E-7	-2.470072E-3
1.025000E-7	-2.379286E-3
1.026000E-7	-2.271370E-3
1.027000E-7	-2.148038E-3
1.028000E-7	-2.096649E-3
1.029000E-7	-2.070955E-3
1.030000E-7	-2.088085E-3
1.031000E-7	-2.094936E-3
1.032000E-7	-2.058964E-3
1.033000E-7	-1.966465E-3
1.034000E-7	-1.894521E-3
1.035000E-7	-1.851698E-3
1.036000E-7	-1.870540E-3
1.037000E-7	-1.928780E-3
1.038000E-7	-2.004150E-3
1.039000E-7	-2.057252E-3
1.040000E-7	-2.113779E-3
1.041000E-7	-2.136047E-3
1.042000E-7	-2.175445E-3
1.043000E-7	-2.255954E-3
1.044000E-7	-2.404980E-3
1.045000E-7	-2.581414E-3
1.046000E-7	-2.754422E-3
1.047000E-7	-2.881181E-3
1.048000E-7	-3.007939E-3
1.049000E-7	-3.074744E-3
1.050000E-7	-3.086735E-3
1.051000E-7	-3.014791E-3
1.052000E-7	-2.898310E-3
1.053000E-7	-2.740719E-3
1.054000E-7	-2.576275E-3
1.055000E-7	-2.447804E-3
1.056000E-7	-2.394703E-3
1.057000E-7	-2.387851E-3
1.058000E-7	-2.444378E-3
1.059000E-7	-2.504331E-3
1.060000E-7	-2.591692E-3
1.061000E-7	-2.682478E-3
1.062000E-7	-2.776691E-3
1.063000E-7	-2.877755E-3
1.064000E-7	-2.970254E-3
1.065000E-7	-3.062753E-3
1.066000E-7	-3.184373E-3
1.067000E-7	-3.292289E-3
1.068000E-7	-3.439602E-3
1.069000E-7	-3.562935E-3
1.070000E-7	-3.681128E-3
1.071000E-7	-3.751359E-3
1.072000E-7	-3.780479E-3
1.073000E-7	-3.722239E-3
1.074000E-7	-3.687980E-3
1.075000E-7	-3.626314E-3
1.076000E-7	-3.554370E-3
1.077000E-7	-3.508120E-3
1.078000E-7	-3.502981E-3
1.079000E-7	-3.502981E-3
1.080000E-7	-3.549231E-3
1.081000E-7	-3.585203E-3
1.082000E-7	-3.677702E-3
1.083000E-7	-3.789044E-3
1.084000E-7	-3.908951E-3
1.085000E-7	-3.999737E-3
1.086000E-7	-4.047699E-3
1.087000E-7	-4.013440E-3
1.088000E-7	-3.950061E-3
1.089000E-7	-3.871266E-3
1.090000E-7	-3.881543E-3
1.091000E-7	-4.004876E-3
1.092000E-7	-4.210430E-3
1.093000E-7	-4.477650E-3
1.094000E-7	-4.717463E-3
1.095000E-7	-4.864777E-3
1.096000E-7	-4.900749E-3
1.097000E-7	-4.883619E-3
1.098000E-7	-4.844221E-3
1.099000E-7	-4.827092E-3
1.100000E-7	-4.840795E-3
1.101000E-7	-4.851073E-3
1.102000E-7	-4.849360E-3
1.103000E-7	-4.784268E-3
1.104000E-7	-4.671213E-3
1.105000E-7	-4.486215E-3
1.106000E-7	-4.335475E-3
1.107000E-7	-4.251541E-3
1.108000E-7	-4.248115E-3
1.109000E-7	-4.313207E-3
1.110000E-7	-4.429687E-3
1.111000E-7	-4.542742E-3
1.112000E-7	-4.621538E-3
1.113000E-7	-4.657510E-3
1.114000E-7	-4.707185E-3
1.115000E-7	-4.724315E-3
1.116000E-7	-4.758574E-3
1.117000E-7	-4.809962E-3
1.118000E-7	-4.857925E-3
1.119000E-7	-4.864777E-3
1.120000E-7	-4.854499E-3
1.121000E-7	-4.779129E-3
1.122000E-7	-4.726028E-3
1.123000E-7	-4.666074E-3
1.124000E-7	-4.657510E-3
1.125000E-7	-4.678065E-3
1.126000E-7	-4.702046E-3
1.127000E-7	-4.695195E-3
1.128000E-7	-4.650658E-3
1.129000E-7	-4.553020E-3
1.130000E-7	-4.457095E-3
1.131000E-7	-4.357743E-3
1.132000E-7	-4.287512E-3
1.133000E-7	-4.198439E-3
1.134000E-7	-4.143625E-3
1.135000E-7	-4.100801E-3
1.136000E-7	-4.078533E-3
1.137000E-7	-4.088810E-3
1.138000E-7	-4.164180E-3
1.139000E-7	-4.265244E-3
1.140000E-7	-4.359456E-3
1.141000E-7	-4.412558E-3
1.142000E-7	-4.402280E-3
1.143000E-7	-4.323484E-3
1.144000E-7	-4.239550E-3
1.145000E-7	-4.121356E-3
1.146000E-7	-4.037422E-3
1.147000E-7	-3.951774E-3
1.148000E-7	-3.902099E-3
1.149000E-7	-3.847284E-3
1.150000E-7	-3.831868E-3
1.151000E-7	-3.797609E-3
1.152000E-7	-3.761637E-3
1.153000E-7	-3.727378E-3
1.154000E-7	-3.693119E-3
1.155000E-7	-3.640017E-3
1.156000E-7	-3.569786E-3
1.157000E-7	-3.496130E-3
1.158000E-7	-3.446454E-3
1.159000E-7	-3.408769E-3
1.160000E-7	-3.396778E-3
1.161000E-7	-3.381362E-3
1.162000E-7	-3.395066E-3
1.163000E-7	-3.367658E-3
1.164000E-7	-3.297427E-3
1.165000E-7	-3.158678E-3
1.166000E-7	-2.977106E-3
1.167000E-7	-2.785255E-3
1.168000E-7	-2.636229E-3
1.169000E-7	-2.591692E-3
1.170000E-7	-2.629377E-3
1.171000E-7	-2.661923E-3
1.172000E-7	-2.658497E-3
1.173000E-7	-2.559146E-3
1.174000E-7	-2.396416E-3
1.175000E-7	-2.197713E-3
1.176000E-7	-2.060677E-3
1.177000E-7	-1.959613E-3
1.178000E-7	-1.973317E-3
1.179000E-7	-1.975030E-3
1.180000E-7	-1.956187E-3
1.181000E-7	-1.879105E-3
1.182000E-7	-1.800309E-3
1.183000E-7	-1.718087E-3
1.184000E-7	-1.687254E-3
1.185000E-7	-1.647856E-3
1.186000E-7	-1.683828E-3
1.187000E-7	-1.687254E-3
1.188000E-7	-1.719800E-3
1.189000E-7	-1.735217E-3
1.190000E-7	-1.784892E-3
1.191000E-7	-1.824290E-3
1.192000E-7	-1.877392E-3
1.193000E-7	-1.920216E-3
1.194000E-7	-1.951049E-3
1.195000E-7	-1.887669E-3
1.196000E-7	-1.757485E-3
1.197000E-7	-1.558783E-3
1.198000E-7	-1.354942E-3
1.199000E-7	-1.187073E-3
1.200000E-7	-1.055176E-3
1.201000E-7	-9.969354E-4
1.202000E-7	-9.798059E-4
1.203000E-7	-9.386951E-4
1.204000E-7	-9.078620E-4
1.205000E-7	-8.564735E-4
1.206000E-7	-8.307793E-4
1.207000E-7	-8.067980E-4
1.208000E-7	-8.239275E-4
1.209000E-7	-8.239275E-4
1.210000E-7	-8.102239E-4
1.211000E-7	-7.708260E-4
1.212000E-7	-7.434188E-4
1.213000E-7	-7.280023E-4
1.214000E-7	-7.434188E-4
1.215000E-7	-7.554095E-4
1.216000E-7	-7.879555E-4
1.217000E-7	-8.170757E-4
1.218000E-7	-7.862426E-4
1.219000E-7	-7.125857E-4
1.220000E-7	-6.474936E-4
1.221000E-7	-6.183735E-4
1.222000E-7	-6.474936E-4
1.223000E-7	-7.314282E-4
1.224000E-7	-8.324922E-4
1.225000E-7	-9.078620E-4
1.226000E-7	-9.284174E-4
1.227000E-7	-9.010102E-4
1.228000E-7	-8.307793E-4
1.229000E-7	-7.485577E-4
1.230000E-7	-7.417059E-4
1.231000E-7	-7.759649E-4
1.232000E-7	-8.667512E-4
1.233000E-7	-9.695282E-4
1.234000E-7	-1.104851E-3
1.235000E-7	-1.188786E-3
1.236000E-7	-1.214480E-3
1.237000E-7	-1.164805E-3
1.238000E-7	-1.086009E-3
1.239000E-7	-1.008926E-3
1.240000E-7	-9.541117E-4
1.241000E-7	-9.335563E-4
1.242000E-7	-9.335563E-4
1.243000E-7	-9.421210E-4
1.244000E-7	-9.763800E-4
1.245000E-7	-9.815189E-4
1.246000E-7	-1.029481E-3
1.247000E-7	-1.086009E-3
1.248000E-7	-1.130546E-3
1.249000E-7	-1.163092E-3
1.250000E-7	-1.207628E-3
1.251000E-7	-1.250452E-3
1.252000E-7	-1.294989E-3
1.253000E-7	-1.368646E-3
1.254000E-7	-1.401192E-3
1.255000E-7	-1.435451E-3
1.256000E-7	-1.449154E-3
1.257000E-7	-1.437164E-3
1.258000E-7	-1.440590E-3
1.259000E-7	-1.461145E-3
1.260000E-7	-1.510820E-3
1.261000E-7	-1.522811E-3
1.262000E-7	-1.510820E-3
1.263000E-7	-1.461145E-3
1.264000E-7	-1.466284E-3
1.265000E-7	-1.488552E-3
1.266000E-7	-1.589616E-3
1.267000E-7	-1.676977E-3
1.268000E-7	-1.755772E-3
1.269000E-7	-1.786605E-3
1.270000E-7	-1.784892E-3
1.271000E-7	-1.760911E-3
1.272000E-7	-1.817439E-3
1.273000E-7	-1.913364E-3
1.274000E-7	-2.084659E-3
1.275000E-7	-2.177158E-3
1.276000E-7	-2.240537E-3
1.277000E-7	-2.247389E-3
1.278000E-7	-2.242250E-3
1.279000E-7	-2.223408E-3
1.280000E-7	-2.259380E-3
1.281000E-7	-2.355305E-3
1.282000E-7	-2.451230E-3
1.283000E-7	-2.521461E-3
1.284000E-7	-2.542016E-3
1.285000E-7	-2.516322E-3
1.286000E-7	-2.533452E-3
1.287000E-7	-2.567711E-3
1.288000E-7	-2.682478E-3
1.289000E-7	-2.812663E-3
1.290000E-7	-2.966828E-3
1.291000E-7	-3.091873E-3
1.292000E-7	-3.174095E-3
1.293000E-7	-3.177521E-3
1.294000E-7	-3.174095E-3
1.295000E-7	-3.124419E-3
1.296000E-7	-3.105577E-3
1.297000E-7	-3.091873E-3
1.298000E-7	-3.143262E-3
1.299000E-7	-3.249465E-3
1.300000E-7	-3.400204E-3
1.301000E-7	-3.569786E-3
1.302000E-7	-3.693119E-3
1.303000E-7	-3.773627E-3
1.304000E-7	-3.794183E-3
1.305000E-7	-3.754785E-3
1.306000E-7	-3.703397E-3
1.307000E-7	-3.655434E-3
1.308000E-7	-3.699971E-3
1.309000E-7	-3.802748E-3
1.310000E-7	-3.960339E-3
1.311000E-7	-4.102514E-3
1.312000E-7	-4.176171E-3
1.313000E-7	-4.183023E-3
1.314000E-7	-4.102514E-3
1.315000E-7	-3.948348E-3
1.316000E-7	-3.828442E-3
1.317000E-7	-3.768489E-3
1.318000E-7	-3.792470E-3
1.319000E-7	-3.860988E-3
1.320000E-7	-3.991172E-3
1.321000E-7	-4.123069E-3
1.322000E-7	-4.253253E-3
1.323000E-7	-4.294364E-3
1.324000E-7	-4.294364E-3
1.325000E-7	-4.210430E-3
1.326000E-7	-4.097375E-3
1.327000E-7	-3.987746E-3
1.328000E-7	-3.938071E-3
1.329000E-7	-3.936358E-3
1.330000E-7	-4.008302E-3
1.331000E-7	-4.105940E-3
1.332000E-7	-4.215569E-3
1.333000E-7	-4.270383E-3
1.334000E-7	-4.313207E-3
1.335000E-7	-4.320059E-3
1.336000E-7	-4.326910E-3
1.337000E-7	-4.332049E-3
1.338000E-7	-4.369734E-3
1.339000E-7	-4.374873E-3
1.340000E-7	-4.381725E-3
1.341000E-7	-4.344040E-3
1.342000E-7	-4.347466E-3
1.343000E-7	-4.347466E-3
1.344000E-7	-4.453669E-3
1.345000E-7	-4.575288E-3
1.346000E-7	-4.712324E-3
1.347000E-7	-4.785981E-3
1.348000E-7	-4.792833E-3
1.349000E-7	-4.705472E-3
1.350000E-7	-4.582140E-3
1.351000E-7	-4.489641E-3
1.352000E-7	-4.433113E-3
1.353000E-7	-4.434826E-3
1.354000E-7	-4.505057E-3
1.355000E-7	-4.582140E-3
1.356000E-7	-4.628390E-3
1.357000E-7	-4.659223E-3
1.358000E-7	-4.640380E-3
1.359000E-7	-4.602695E-3
1.360000E-7	-4.571862E-3
1.361000E-7	-4.571862E-3
1.362000E-7	-4.614686E-3
1.363000E-7	-4.638667E-3
1.364000E-7	-4.666074E-3
1.365000E-7	-4.655797E-3
1.366000E-7	-4.606121E-3
1.367000E-7	-4.489641E-3
1.368000E-7	-4.371447E-3
1.369000E-7	-4.260105E-3
1.370000E-7	-4.203578E-3
1.371000E-7	-4.162467E-3
1.372000E-7	-4.141912E-3
1.373000E-7	-4.121356E-3
1.374000E-7	-4.066542E-3
1.375000E-7	-3.996311E-3
1.376000E-7	-3.943210E-3
1.377000E-7	-3.895247E-3
1.378000E-7	-3.888395E-3
1.379000E-7	-3.876404E-3
1.380000E-7	-3.884969E-3
1.381000E-7	-3.902099E-3
1.382000E-7	-3.960339E-3
1.383000E-7	-3.982607E-3
1.384000E-7	-4.035709E-3
1.385000E-7	-4.071681E-3
1.386000E-7	-4.107653E-3
1.387000E-7	-4.059690E-3
1.388000E-7	-3.994598E-3
1.389000E-7	-3.888395E-3
1.390000E-7	-3.749646E-3
1.391000E-7	-3.580064E-3
1.392000E-7	-3.427612E-3
1.393000E-7	-3.317983E-3
1.394000E-7	-3.256317E-3
1.395000E-7	-3.218632E-3
1.396000E-7	-3.223771E-3
1.397000E-7	-3.206641E-3
1.398000E-7	-3.184373E-3
1.399000E-7	-3.109003E-3
1.400000E-7	-3.062753E-3
1.401000E-7	-2.985670E-3
1.402000E-7	-2.953124E-3
1.403000E-7	-2.956550E-3
1.404000E-7	-2.989096E-3
1.405000E-7	-3.030207E-3
1.406000E-7	-3.110716E-3
1.407000E-7	-3.174095E-3
1.408000E-7	-3.247752E-3
1.409000E-7	-3.300853E-3
1.410000E-7	-3.321409E-3
1.411000E-7	-3.261455E-3
1.412000E-7	-3.129558E-3
1.413000E-7	-2.924004E-3
1.414000E-7	-2.735580E-3
1.415000E-7	-2.565998E-3
1.416000E-7	-2.482063E-3
1.417000E-7	-2.442665E-3
1.418000E-7	-2.434101E-3
1.419000E-7	-2.451230E-3
1.420000E-7	-2.473498E-3
1.421000E-7	-2.464934E-3
1.422000E-7	-2.470072E-3
1.423000E-7	-2.463221E-3
1.424000E-7	-2.490628E-3
1.425000E-7	-2.540303E-3
1.426000E-7	-2.632803E-3
1.427000E-7	-2.718450E-3
1.428000E-7	-2.798959E-3
1.429000E-7	-2.865764E-3
1.430000E-7	-2.893171E-3
1.431000E-7	-2.841783E-3
1.432000E-7	-2.720163E-3
1.433000E-7	-2.601970E-3
1.434000E-7	-2.473498E-3
1.435000E-7	-2.374147E-3
1.436000E-7	-2.355305E-3
1.437000E-7	-2.384425E-3
1.438000E-7	-2.482063E-3
1.439000E-7	-2.600257E-3
1.440000E-7	-2.727015E-3
1.441000E-7	-2.785255E-3
1.442000E-7	-2.810950E-3
1.443000E-7	-2.761274E-3
1.444000E-7	-2.706460E-3
1.445000E-7	-2.634516E-3
1.446000E-7	-2.617386E-3
1.447000E-7	-2.593405E-3
1.448000E-7	-2.617386E-3
1.449000E-7	-2.622525E-3
1.450000E-7	-2.656784E-3
1.451000E-7	-2.661923E-3
1.452000E-7	-2.706460E-3
1.453000E-7	-2.735580E-3
1.454000E-7	-2.802385E-3
1.455000E-7	-2.819514E-3
1.456000E-7	-2.802385E-3
1.457000E-7	-2.696182E-3
1.458000E-7	-2.567711E-3
1.459000E-7	-2.422110E-3
1.460000E-7	-2.357018E-3
1.461000E-7	-2.377573E-3
1.462000E-7	-2.492341E-3
1.463000E-7	-2.653358E-3
1.464000E-7	-2.816088E-3
1.465000E-7	-2.927430E-3
1.466000E-7	-2.970254E-3
1.467000E-7	-2.920578E-3
1.468000E-7	-2.862338E-3
1.469000E-7	-2.838357E-3
1.470000E-7	-2.864051E-3
1.471000E-7	-2.881181E-3
1.472000E-7	-2.937708E-3
1.473000E-7	-2.966828E-3
1.474000E-7	-3.001087E-3
1.475000E-7	-2.953124E-3
1.476000E-7	-2.915440E-3
1.477000E-7	-2.850347E-3
1.478000E-7	-2.800672E-3
1.479000E-7	-2.752709E-3
1.480000E-7	-2.778404E-3
1.481000E-7	-2.857199E-3
1.482000E-7	-2.970254E-3
1.483000E-7	-3.071318E-3
1.484000E-7	-3.144975E-3
1.485000E-7	-3.158678E-3
1.486000E-7	-3.097012E-3
1.487000E-7	-3.013078E-3
1.488000E-7	-2.983958E-3
1.489000E-7	-2.992522E-3
1.490000E-7	-3.059327E-3
1.491000E-7	-3.107290E-3
1.492000E-7	-3.132984E-3
1.493000E-7	-3.127845E-3
1.494000E-7	-3.097012E-3
1.495000E-7	-3.062753E-3
1.496000E-7	-3.026781E-3
1.497000E-7	-2.985670E-3
1.498000E-7	-2.992522E-3
1.499000E-7	-3.001087E-3
1.500000E-7	-3.040485E-3
1.501000E-7	-3.091873E-3
1.502000E-7	-3.204928E-3
1.503000E-7	-3.302566E-3
1.504000E-7	-3.417334E-3
1.505000E-7	-3.490991E-3
1.506000E-7	-3.535527E-3
1.507000E-7	-3.523537E-3
1.508000E-7	-3.490991E-3
1.509000E-7	-3.468722E-3
1.510000E-7	-3.444741E-3
1.511000E-7	-3.441315E-3
1.512000E-7	-3.463584E-3
1.513000E-7	-3.511546E-3
1.514000E-7	-3.602332E-3
1.515000E-7	-3.657147E-3
1.516000E-7	-3.706822E-3
1.517000E-7	-3.727378E-3
1.518000E-7	-3.718813E-3
1.519000E-7	-3.687980E-3
1.520000E-7	-3.667425E-3
1.521000E-7	-3.636591E-3
1.522000E-7	-3.609184E-3
1.523000E-7	-3.557796E-3
1.524000E-7	-3.484139E-3
1.525000E-7	-3.412195E-3
1.526000E-7	-3.367658E-3
1.527000E-7	-3.359094E-3
1.528000E-7	-3.408769E-3
1.529000E-7	-3.492704E-3
1.530000E-7	-3.612610E-3
1.531000E-7	-3.687980E-3
1.532000E-7	-3.732517E-3
1.533000E-7	-3.729091E-3
1.534000E-7	-3.691406E-3
1.535000E-7	-3.626314E-3
1.536000E-7	-3.586916E-3
1.537000E-7	-3.545805E-3
1.538000E-7	-3.556083E-3
1.539000E-7	-3.586916E-3
1.540000E-7	-3.597194E-3
1.541000E-7	-3.573212E-3
1.542000E-7	-3.549231E-3
1.543000E-7	-3.492704E-3
1.544000E-7	-3.431037E-3
1.545000E-7	-3.398491E-3
1.546000E-7	-3.388214E-3
1.547000E-7	-3.383075E-3
1.548000E-7	-3.369371E-3
1.549000E-7	-3.345390E-3
1.550000E-7	-3.305992E-3
1.551000E-7	-3.252891E-3
1.552000E-7	-3.237474E-3
1.553000E-7	-3.223771E-3
1.554000E-7	-3.225483E-3
1.555000E-7	-3.196363E-3
1.556000E-7	-3.162104E-3
1.557000E-7	-3.079883E-3
1.558000E-7	-3.054188E-3
1.559000E-7	-3.038772E-3
1.560000E-7	-3.076457E-3
1.561000E-7	-3.127845E-3
1.562000E-7	-3.162104E-3
1.563000E-7	-3.180947E-3
1.564000E-7	-3.182660E-3
1.565000E-7	-3.165530E-3
1.566000E-7	-3.165530E-3
1.567000E-7	-3.114142E-3
1.568000E-7	-3.014791E-3
1.569000E-7	-2.898310E-3
1.570000E-7	-2.790394E-3
1.571000E-7	-2.704747E-3
1.572000E-7	-2.670488E-3
1.573000E-7	-2.696182E-3
1.574000E-7	-2.824653E-3
1.575000E-7	-2.968541E-3
1.576000E-7	-3.091873E-3
1.577000E-7	-3.143262E-3
1.578000E-7	-3.124419E-3
1.579000E-7	-3.013078E-3
1.580000E-7	-2.855486E-3
1.581000E-7	-2.685904E-3
1.582000E-7	-2.605396E-3
1.583000E-7	-2.552294E-3
1.584000E-7	-2.555720E-3
1.585000E-7	-2.583127E-3
1.586000E-7	-2.610534E-3
1.587000E-7	-2.608821E-3
1.588000E-7	-2.634516E-3
1.589000E-7	-2.656784E-3
1.590000E-7	-2.679052E-3
1.591000E-7	-2.673914E-3
1.592000E-7	-2.636229E-3
1.593000E-7	-2.552294E-3
1.594000E-7	-2.459795E-3
1.595000E-7	-2.379286E-3
1.596000E-7	-2.339888E-3
1.597000E-7	-2.331324E-3
1.598000E-7	-2.362157E-3
1.599000E-7	-2.399842E-3
1.600000E-7	-2.406693E-3
1.601000E-7	-2.389564E-3
1.602000E-7	-2.398129E-3
1.603000E-7	-2.394703E-3
1.604000E-7	-2.440952E-3
1.605000E-7	-2.483776E-3
1.606000E-7	-2.538590E-3
1.607000E-7	-2.547155E-3
1.608000E-7	-2.509470E-3
1.609000E-7	-2.413545E-3
1.610000E-7	-2.285074E-3
1.611000E-7	-2.141186E-3
1.612000E-7	-2.019567E-3
1.613000E-7	-1.911651E-3
1.614000E-7	-1.892808E-3
1.615000E-7	-1.920216E-3
1.616000E-7	-2.000724E-3
1.617000E-7	-2.082946E-3
1.618000E-7	-2.161741E-3
1.619000E-7	-2.173732E-3
1.620000E-7	-2.144612E-3
1.621000E-7	-2.072668E-3
1.622000E-7	-2.002437E-3
1.623000E-7	-1.983595E-3
1.624000E-7	-2.012715E-3
1.625000E-7	-2.093223E-3
1.626000E-7	-2.207991E-3
1.627000E-7	-2.317620E-3
1.628000E-7	-2.379286E-3
1.629000E-7	-2.379286E-3
1.630000E-7	-2.362157E-3
1.631000E-7	-2.310768E-3
1.632000E-7	-2.266231E-3
1.633000E-7	-2.187436E-3
1.634000E-7	-2.103501E-3
1.635000E-7	-2.002437E-3
1.636000E-7	-1.949336E-3
1.637000E-7	-1.935632E-3
1.638000E-7	-2.046974E-3
1.639000E-7	-2.192575E-3
1.640000E-7	-2.334749E-3
1.641000E-7	-2.428962E-3
1.642000E-7	-2.434101E-3
1.643000E-7	-2.350166E-3
1.644000E-7	-2.243963E-3
1.645000E-7	-2.175445E-3
1.646000E-7	-2.177158E-3
1.647000E-7	-2.216556E-3
1.648000E-7	-2.307342E-3
1.649000E-7	-2.380999E-3
1.650000E-7	-2.452943E-3
1.651000E-7	-2.466647E-3
1.652000E-7	-2.487202E-3
1.653000E-7	-2.509470E-3
1.654000E-7	-2.591692E-3
1.655000E-7	-2.675626E-3
1.656000E-7	-2.786968E-3
1.657000E-7	-2.852060E-3
1.658000E-7	-2.915440E-3
1.659000E-7	-2.934282E-3
1.660000E-7	-2.942847E-3
1.661000E-7	-2.910301E-3
1.662000E-7	-2.894884E-3
1.663000E-7	-2.846922E-3
1.664000E-7	-2.829792E-3
1.665000E-7	-2.826366E-3
1.666000E-7	-2.834931E-3
1.667000E-7	-2.864051E-3
1.668000E-7	-2.884606E-3
1.669000E-7	-2.879468E-3
1.670000E-7	-2.841783E-3
1.671000E-7	-2.774978E-3
1.672000E-7	-2.769839E-3
1.673000E-7	-2.790394E-3
1.674000E-7	-2.872616E-3
1.675000E-7	-2.989096E-3
1.676000E-7	-3.131271E-3
1.677000E-7	-3.239187E-3
1.678000E-7	-3.294001E-3
1.679000E-7	-3.336825E-3
1.680000E-7	-3.359094E-3
1.681000E-7	-3.348816E-3
1.682000E-7	-3.336825E-3
1.683000E-7	-3.292289E-3
1.684000E-7	-3.263168E-3
1.685000E-7	-3.218632E-3
1.686000E-7	-3.196363E-3
1.687000E-7	-3.172382E-3
1.688000E-7	-3.201502E-3
1.689000E-7	-3.235761E-3
1.690000E-7	-3.300853E-3
1.691000E-7	-3.395066E-3
1.692000E-7	-3.516685E-3
1.693000E-7	-3.619462E-3
1.694000E-7	-3.682841E-3
1.695000E-7	-3.691406E-3
1.696000E-7	-3.650295E-3
1.697000E-7	-3.578351E-3
1.698000E-7	-3.514972E-3
1.699000E-7	-3.497843E-3
1.700000E-7	-3.576638E-3
1.701000E-7	-3.677702E-3
1.702000E-7	-3.799322E-3
1.703000E-7	-3.847284E-3
1.704000E-7	-3.871266E-3
1.705000E-7	-3.814738E-3
1.706000E-7	-3.780479E-3
1.707000E-7	-3.763350E-3
1.708000E-7	-3.821590E-3
1.709000E-7	-3.867840E-3
1.710000E-7	-3.919228E-3
1.711000E-7	-3.893534E-3
1.712000E-7	-3.831868E-3
1.713000E-7	-3.730804E-3
1.714000E-7	-3.674276E-3
1.715000E-7	-3.657147E-3
1.716000E-7	-3.715387E-3
1.717000E-7	-3.782192E-3
1.718000E-7	-3.860988E-3
1.719000E-7	-3.893534E-3
1.720000E-7	-3.900386E-3
1.721000E-7	-3.872979E-3
1.722000E-7	-3.830155E-3
1.723000E-7	-3.766776E-3
1.724000E-7	-3.698258E-3
1.725000E-7	-3.605758E-3
1.726000E-7	-3.523537E-3
1.727000E-7	-3.487565E-3
1.728000E-7	-3.526963E-3
1.729000E-7	-3.619462E-3
1.730000E-7	-3.780479E-3
1.731000E-7	-3.956913E-3
1.732000E-7	-4.093949E-3
1.733000E-7	-4.111079E-3
1.734000E-7	-4.039135E-3
1.735000E-7	-3.900386E-3
1.736000E-7	-3.770202E-3
1.737000E-7	-3.672563E-3
1.738000E-7	-3.674276E-3
1.739000E-7	-3.723952E-3
1.740000E-7	-3.801035E-3
1.741000E-7	-3.871266E-3
1.742000E-7	-3.902099E-3
1.743000E-7	-3.903812E-3
1.744000E-7	-3.872979E-3
1.745000E-7	-3.809599E-3
1.746000E-7	-3.718813E-3
1.747000E-7	-3.556083E-3
1.748000E-7	-3.436176E-3
1.749000E-7	-3.317983E-3
1.750000E-7	-3.302566E-3
1.751000E-7	-3.360807E-3
1.752000E-7	-3.509833E-3
1.753000E-7	-3.614323E-3
1.754000E-7	-3.675989E-3
1.755000E-7	-3.652008E-3
1.756000E-7	-3.604045E-3
1.757000E-7	-3.547518E-3
1.758000E-7	-3.520111E-3
1.759000E-7	-3.509833E-3
1.760000E-7	-3.475574E-3
1.761000E-7	-3.413908E-3
1.762000E-7	-3.333399E-3
1.763000E-7	-3.242613E-3
1.764000E-7	-3.232335E-3
1.765000E-7	-3.225483E-3
1.766000E-7	-3.285437E-3
1.767000E-7	-3.317983E-3
1.768000E-7	-3.309418E-3
1.769000E-7	-3.228909E-3
1.770000E-7	-3.126132E-3
1.771000E-7	-3.014791E-3
1.772000E-7	-2.941134E-3
1.773000E-7	-2.896597E-3
1.774000E-7	-2.903449E-3
1.775000E-7	-2.903449E-3
1.776000E-7	-2.898310E-3
1.777000E-7	-2.826366E-3
1.778000E-7	-2.764700E-3
1.779000E-7	-2.677339E-3
1.780000E-7	-2.639655E-3
1.781000E-7	-2.627664E-3
1.782000E-7	-2.687617E-3
1.783000E-7	-2.757848E-3
1.784000E-7	-2.812663E-3
1.785000E-7	-2.807524E-3
1.786000E-7	-2.749283E-3
1.787000E-7	-2.641367E-3
1.788000E-7	-2.569424E-3
1.789000E-7	-2.548868E-3
1.790000E-7	-2.600257E-3
1.791000E-7	-2.661923E-3
1.792000E-7	-2.725302E-3
1.793000E-7	-2.721876E-3
1.794000E-7	-2.673914E-3
1.795000E-7	-2.586553E-3
1.796000E-7	-2.511183E-3
1.797000E-7	-2.451230E-3
1.798000E-7	-2.458082E-3
1.799000E-7	-2.470072E-3
1.800000E-7	-2.521461E-3
1.801000E-7	-2.543729E-3
1.802000E-7	-2.536878E-3
1.803000E-7	-2.466647E-3
1.804000E-7	-2.392990E-3
1.805000E-7	-2.331324E-3
1.806000E-7	-2.329611E-3
1.807000E-7	-2.365583E-3
1.808000E-7	-2.440952E-3
1.809000E-7	-2.509470E-3
1.810000E-7	-2.545442E-3
1.811000E-7	-2.526600E-3
1.812000E-7	-2.475211E-3
1.813000E-7	-2.451230E-3
1.814000E-7	-2.509470E-3
1.815000E-7	-2.600257E-3
1.816000E-7	-2.730441E-3
1.817000E-7	-2.814375E-3
1.818000E-7	-2.838357E-3
1.819000E-7	-2.756135E-3
1.820000E-7	-2.617386E-3
1.821000E-7	-2.456369E-3
1.822000E-7	-2.341601E-3
1.823000E-7	-2.261093E-3
1.824000E-7	-2.271370E-3
1.825000E-7	-2.281648E-3
1.826000E-7	-2.321046E-3
1.827000E-7	-2.333036E-3
1.828000E-7	-2.392990E-3
1.829000E-7	-2.427249E-3
1.830000E-7	-2.485489E-3
1.831000E-7	-2.500906E-3
1.832000E-7	-2.518035E-3
1.833000E-7	-2.485489E-3
1.834000E-7	-2.461508E-3
1.835000E-7	-2.418684E-3
1.836000E-7	-2.461508E-3
1.837000E-7	-2.506044E-3
1.838000E-7	-2.601970E-3
1.839000E-7	-2.665349E-3
1.840000E-7	-2.740719E-3
1.841000E-7	-2.800672E-3
1.842000E-7	-2.816088E-3
1.843000E-7	-2.809237E-3
1.844000E-7	-2.773265E-3
1.845000E-7	-2.708173E-3
1.846000E-7	-2.646506E-3
1.847000E-7	-2.596831E-3
1.848000E-7	-2.586553E-3
1.849000E-7	-2.593405E-3
1.850000E-7	-2.625951E-3
1.851000E-7	-2.655071E-3
1.852000E-7	-2.699608E-3
1.853000E-7	-2.762987E-3
1.854000E-7	-2.853773E-3
1.855000E-7	-2.935995E-3
1.856000E-7	-3.025068E-3
1.857000E-7	-3.081596E-3
1.858000E-7	-3.158678E-3
1.859000E-7	-3.143262E-3
1.860000E-7	-3.132984E-3
1.861000E-7	-3.081596E-3
1.862000E-7	-3.071318E-3
1.863000E-7	-3.069605E-3
1.864000E-7	-3.110716E-3
1.865000E-7	-3.186086E-3
1.866000E-7	-3.288863E-3
1.867000E-7	-3.386501E-3
1.868000E-7	-3.470435E-3
1.869000E-7	-3.506407E-3
1.870000E-7	-3.523537E-3
1.871000E-7	-3.508120E-3
1.872000E-7	-3.480713E-3
1.873000E-7	-3.448167E-3
1.874000E-7	-3.456732E-3
1.875000E-7	-3.448167E-3
1.876000E-7	-3.453306E-3
1.877000E-7	-3.429325E-3
1.878000E-7	-3.383075E-3
1.879000E-7	-3.326548E-3
1.880000E-7	-3.302566E-3
1.881000E-7	-3.333399E-3
1.882000E-7	-3.436176E-3
1.883000E-7	-3.554370E-3
1.884000E-7	-3.674276E-3
1.885000E-7	-3.718813E-3
1.886000E-7	-3.723952E-3
1.887000E-7	-3.653721E-3
1.888000E-7	-3.609184E-3
1.889000E-7	-3.628027E-3
1.890000E-7	-3.741081E-3
1.891000E-7	-3.874692E-3
1.892000E-7	-4.016866E-3
1.893000E-7	-4.136773E-3
1.894000E-7	-4.212143E-3
1.895000E-7	-4.207004E-3
1.896000E-7	-4.162467E-3
1.897000E-7	-4.075107E-3
1.898000E-7	-4.013440E-3
1.899000E-7	-3.936358E-3
1.900000E-7	-3.924367E-3
1.901000E-7	-3.927793E-3
1.902000E-7	-3.991172E-3
1.903000E-7	-4.069968E-3
1.904000E-7	-4.148764E-3
1.905000E-7	-4.183023E-3
1.906000E-7	-4.164180E-3
1.907000E-7	-4.080246E-3
1.908000E-7	-3.996311E-3
1.909000E-7	-3.968904E-3
1.910000E-7	-4.018579E-3
1.911000E-7	-4.104227E-3
1.912000E-7	-4.200152E-3
1.913000E-7	-4.253253E-3
1.914000E-7	-4.227559E-3
1.915000E-7	-4.160754E-3
1.916000E-7	-4.104227E-3
1.917000E-7	-4.100801E-3
1.918000E-7	-4.174458E-3
1.919000E-7	-4.301216E-3
1.920000E-7	-4.415984E-3
1.921000E-7	-4.458808E-3
1.922000E-7	-4.422836E-3
1.923000E-7	-4.328623E-3
1.924000E-7	-4.237837E-3
1.925000E-7	-4.160754E-3
1.926000E-7	-4.172745E-3
1.927000E-7	-4.201865E-3
1.928000E-7	-4.232698E-3
1.929000E-7	-4.193300E-3
1.930000E-7	-4.105940E-3
1.931000E-7	-3.974043E-3
1.932000E-7	-3.859275E-3
1.933000E-7	-3.782192E-3
1.934000E-7	-3.794183E-3
1.935000E-7	-3.854136E-3
1.936000E-7	-3.960339E-3
1.937000E-7	-4.054551E-3
1.938000E-7	-4.128208E-3
1.939000E-7	-4.148764E-3
1.940000E-7	-4.129921E-3
1.941000E-7	-4.080246E-3
1.942000E-7	-4.004876E-3
1.943000E-7	-3.926080E-3
1.944000E-7	-3.825016E-3
1.945000E-7	-3.722239E-3
1.946000E-7	-3.653721E-3
1.947000E-7	-3.597194E-3
1.948000E-7	-3.562935E-3
1.949000E-7	-3.535527E-3
1.950000E-7	-3.550944E-3
1.951000E-7	-3.569786E-3
1.952000E-7	-3.622888E-3
1.953000E-7	-3.684554E-3
1.954000E-7	-3.773627E-3
1.955000E-7	-3.819877E-3
1.956000E-7	-3.802748E-3
1.957000E-7	-3.725665E-3
1.958000E-7	-3.628027E-3
1.959000E-7	-3.511546E-3
1.960000E-7	-3.441315E-3
1.961000E-7	-3.413908E-3
1.962000E-7	-3.424186E-3
1.963000E-7	-3.410482E-3
1.964000E-7	-3.403630E-3
1.965000E-7	-3.343677E-3
1.966000E-7	-3.278585E-3
1.967000E-7	-3.177521E-3
1.968000E-7	-3.115855E-3
1.969000E-7	-3.066179E-3
1.970000E-7	-3.062753E-3
1.971000E-7	-3.049050E-3
1.972000E-7	-3.038772E-3
1.973000E-7	-2.963402E-3
1.974000E-7	-2.864051E-3
1.975000E-7	-2.749283E-3
1.976000E-7	-2.706460E-3
1.977000E-7	-2.716737E-3
1.978000E-7	-2.805811E-3
1.979000E-7	-2.903449E-3
1.980000E-7	-2.959976E-3
1.981000E-7	-2.903449E-3
1.982000E-7	-2.802385E-3
1.983000E-7	-2.639655E-3
1.984000E-7	-2.492341E-3
1.985000E-7	-2.401554E-3
1.986000E-7	-2.401554E-3
1.987000E-7	-2.446091E-3
1.988000E-7	-2.494054E-3
1.989000E-7	-2.504331E-3
1.990000E-7	-2.463221E-3
1.991000E-7	-2.389564E-3
1.992000E-7	-2.257667E-3
1.993000E-7	-2.146325E-3
1.994000E-7	-2.045261E-3
1.995000E-7	-1.999011E-3
1.996000E-7	-2.055539E-3
1.997000E-7	-2.154890E-3
1.998000E-7	-2.329611E-3
1.999000E-7	-2.461508E-3
2.000000E-7	-2.545442E-3
2.001000E-7	-2.536878E-3
