Study Name	Tungsten_Calibration
Sample Name	2025-04-28
Run Name	spot1
Operator	Angus
Date	4/28/2025
Time	6:24 PM
Sign	POS
Grating Spacing	04.20um
Channel	3
Number Traces	10000
Files in Batch	1
Batch Number	1
dt	100.000001E-12
time stamp (ms)	6:25:27 PM
	
Time	Amplitude
0.000000E+0	-3.323114E-3
1.000000E-10	-3.167235E-3
2.000000E-10	-2.994227E-3
3.000000E-10	-2.870895E-3
4.000000E-10	-2.819506E-3
5.000000E-10	-2.843488E-3
6.000000E-10	-2.912006E-3
7.000000E-10	-2.965107E-3
8.000000E-10	-3.013070E-3
9.000000E-10	-3.011357E-3
1.000000E-9	-2.968533E-3
1.100000E-9	-2.968533E-3
1.200000E-9	-3.025060E-3
1.300000E-9	-3.107282E-3
1.400000E-9	-3.199781E-3
1.500000E-9	-3.283716E-3
1.600000E-9	-3.333391E-3
1.700000E-9	-3.343669E-3
1.800000E-9	-3.335104E-3
1.900000E-9	-3.343669E-3
2.000000E-9	-3.335104E-3
2.100000E-9	-3.357373E-3
2.200000E-9	-3.343669E-3
2.300000E-9	-3.299132E-3
2.400000E-9	-3.211772E-3
2.500000E-9	-3.148393E-3
2.600000E-9	-3.129550E-3
2.700000E-9	-3.189504E-3
2.800000E-9	-3.304271E-3
2.900000E-9	-3.410474E-3
3.000000E-9	-3.478992E-3
3.100000E-9	-3.485844E-3
3.200000E-9	-3.439594E-3
3.300000E-9	-3.371076E-3
3.400000E-9	-3.333391E-3
3.500000E-9	-3.293994E-3
3.600000E-9	-3.235753E-3
3.700000E-9	-3.160383E-3
3.800000E-9	-3.107282E-3
3.900000E-9	-3.038764E-3
4.000000E-9	-3.014783E-3
4.100000E-9	-3.014783E-3
4.200000E-9	-3.055893E-3
4.300000E-9	-3.108995E-3
4.400000E-9	-3.158670E-3
4.500000E-9	-3.235753E-3
4.600000E-9	-3.326540E-3
4.700000E-9	-3.424178E-3
4.800000E-9	-3.537232E-3
4.900000E-9	-3.564640E-3
5.000000E-9	-3.552649E-3
5.100000E-9	-3.513251E-3
5.200000E-9	-3.480705E-3
5.300000E-9	-3.499548E-3
5.400000E-9	-3.574917E-3
5.500000E-9	-3.645148E-3
5.600000E-9	-3.655426E-3
5.700000E-9	-3.590334E-3
5.800000E-9	-3.389919E-3
5.900000E-9	-3.156958E-3
6.000000E-9	-2.965107E-3
6.100000E-9	-2.860617E-3
6.200000E-9	-2.898302E-3
6.300000E-9	-3.055893E-3
6.400000E-9	-3.225476E-3
6.500000E-9	-3.317975E-3
6.600000E-9	-3.319688E-3
6.700000E-9	-3.203207E-3
6.800000E-9	-3.095291E-3
6.900000E-9	-3.023347E-3
7.000000E-9	-3.040477E-3
7.100000E-9	-3.105569E-3
7.200000E-9	-3.186078E-3
7.300000E-9	-3.249457E-3
7.400000E-9	-3.280290E-3
7.500000E-9	-3.266586E-3
7.600000E-9	-3.287142E-3
7.700000E-9	-3.316262E-3
7.800000E-9	-3.338530E-3
7.900000E-9	-3.384780E-3
8.000000E-9	-3.384780E-3
8.100000E-9	-3.326540E-3
8.200000E-9	-3.246031E-3
8.300000E-9	-3.155245E-3
8.400000E-9	-3.095291E-3
8.500000E-9	-3.098717E-3
8.600000E-9	-3.172374E-3
8.700000E-9	-3.278577E-3
8.800000E-9	-3.396771E-3
8.900000E-9	-3.477279E-3
9.000000E-9	-3.473853E-3
9.100000E-9	-3.408761E-3
9.200000E-9	-3.321401E-3
9.300000E-9	-3.280290E-3
9.400000E-9	-3.319688E-3
9.500000E-9	-3.395058E-3
9.600000E-9	-3.497835E-3
9.700000E-9	-3.528668E-3
9.800000E-9	-3.473853E-3
9.900000E-9	-3.362512E-3
1.000000E-8	-3.230614E-3
1.010000E-8	-3.108995E-3
1.020000E-8	-3.018209E-3
1.030000E-8	-2.953116E-3
1.040000E-8	-2.965107E-3
1.050000E-8	-3.023347E-3
1.060000E-8	-3.097004E-3
1.070000E-8	-3.186078E-3
1.080000E-8	-3.242605E-3
1.090000E-8	-3.290568E-3
1.100000E-8	-3.311123E-3
1.110000E-8	-3.336817E-3
1.120000E-8	-3.357373E-3
1.130000E-8	-3.415613E-3
1.140000E-8	-3.487557E-3
1.150000E-8	-3.508112E-3
1.160000E-8	-3.482418E-3
1.170000E-8	-3.393345E-3
1.180000E-8	-3.263160E-3
1.190000E-8	-3.107282E-3
1.200000E-8	-3.031912E-3
1.210000E-8	-2.987375E-3
1.220000E-8	-3.031912E-3
1.230000E-8	-3.136402E-3
1.240000E-8	-3.218624E-3
1.250000E-8	-3.276864E-3
1.260000E-8	-3.299132E-3
1.270000E-8	-3.300845E-3
1.280000E-8	-3.299132E-3
1.290000E-8	-3.305984E-3
1.300000E-8	-3.362512E-3
1.310000E-8	-3.407048E-3
1.320000E-8	-3.449872E-3
1.330000E-8	-3.463576E-3
1.340000E-8	-3.449872E-3
1.350000E-8	-3.422465E-3
1.360000E-8	-3.413900E-3
1.370000E-8	-3.477279E-3
1.380000E-8	-3.542371E-3
1.390000E-8	-3.614315E-3
1.400000E-8	-3.588621E-3
1.410000E-8	-3.533807E-3
1.420000E-8	-3.432742E-3
1.430000E-8	-3.317975E-3
1.440000E-8	-3.218624E-3
1.450000E-8	-3.127837E-3
1.460000E-8	-3.014783E-3
1.470000E-8	-2.946265E-3
1.480000E-8	-2.877747E-3
1.490000E-8	-2.864043E-3
1.500000E-8	-2.925709E-3
1.510000E-8	-3.014783E-3
1.520000E-8	-3.074736E-3
1.530000E-8	-3.153532E-3
1.540000E-8	-3.196355E-3
1.550000E-8	-3.225476E-3
1.560000E-8	-3.288855E-3
1.570000E-8	-3.405335E-3
1.580000E-8	-3.571491E-3
1.590000E-8	-3.705102E-3
1.600000E-8	-3.756490E-3
1.610000E-8	-3.703389E-3
1.620000E-8	-3.588621E-3
1.630000E-8	-3.497835E-3
1.640000E-8	-3.448159E-3
1.650000E-8	-3.480705E-3
1.660000E-8	-3.550936E-3
1.670000E-8	-3.607463E-3
1.680000E-8	-3.605750E-3
1.690000E-8	-3.568066E-3
1.700000E-8	-3.550936E-3
1.710000E-8	-3.568066E-3
1.720000E-8	-3.605750E-3
1.730000E-8	-3.576630E-3
1.740000E-8	-3.484131E-3
1.750000E-8	-3.355660E-3
1.760000E-8	-3.242605E-3
1.770000E-8	-3.216911E-3
1.780000E-8	-3.309410E-3
1.790000E-8	-3.460150E-3
1.800000E-8	-3.593760E-3
1.810000E-8	-3.616028E-3
1.820000E-8	-3.487557E-3
1.830000E-8	-3.268299E-3
1.840000E-8	-3.059319E-3
1.850000E-8	-2.915432E-3
1.860000E-8	-2.891450E-3
1.870000E-8	-2.987375E-3
1.880000E-8	-3.132976E-3
1.890000E-8	-3.288855E-3
1.900000E-8	-3.371076E-3
1.910000E-8	-3.432742E-3
1.920000E-8	-3.441307E-3
1.930000E-8	-3.391632E-3
1.940000E-8	-3.309410E-3
1.950000E-8	-3.230614E-3
1.960000E-8	-3.172374E-3
1.970000E-8	-3.194642E-3
1.980000E-8	-3.273438E-3
1.990000E-8	-3.362512E-3
2.000000E-8	-3.436168E-3
2.010000E-8	-3.520103E-3
2.020000E-8	-3.574917E-3
2.030000E-8	-3.573204E-3
2.040000E-8	-3.523529E-3
2.050000E-8	-3.497835E-3
2.060000E-8	-3.514964E-3
2.070000E-8	-3.578343E-3
2.080000E-8	-3.616028E-3
2.090000E-8	-3.655426E-3
2.100000E-8	-3.634871E-3
2.110000E-8	-3.590334E-3
2.120000E-8	-3.477279E-3
2.130000E-8	-3.336817E-3
2.140000E-8	-3.206633E-3
2.150000E-8	-3.064458E-3
2.160000E-8	-2.935987E-3
2.170000E-8	-2.869182E-3
2.180000E-8	-2.864043E-3
2.190000E-8	-2.944552E-3
2.200000E-8	-3.090152E-3
2.210000E-8	-3.240892E-3
2.220000E-8	-3.365937E-3
2.230000E-8	-3.455011E-3
2.240000E-8	-3.460150E-3
2.250000E-8	-3.443020E-3
2.260000E-8	-3.372789E-3
2.270000E-8	-3.278577E-3
2.280000E-8	-3.163809E-3
2.290000E-8	-3.047329E-3
2.300000E-8	-2.946265E-3
2.310000E-8	-2.903441E-3
2.320000E-8	-2.913719E-3
2.330000E-8	-2.954829E-3
2.340000E-8	-2.995940E-3
2.350000E-8	-3.054181E-3
2.360000E-8	-3.105569E-3
2.370000E-8	-3.182652E-3
2.380000E-8	-3.263160E-3
2.390000E-8	-3.365937E-3
2.400000E-8	-3.470427E-3
2.410000E-8	-3.547510E-3
2.420000E-8	-3.550936E-3
2.430000E-8	-3.482418E-3
2.440000E-8	-3.317975E-3
2.450000E-8	-2.983950E-3
2.460000E-8	-2.384417E-3
2.470000E-8	-1.401184E-3
2.480000E-8	9.250871E-5
2.490000E-8	2.148049E-3
2.500000E-8	4.705483E-3
2.510000E-8	7.598656E-3
2.520000E-8	1.049183E-2
2.530000E-8	1.315375E-2
2.540000E-8	1.521957E-2
2.550000E-8	1.641521E-2
2.560000E-8	1.664303E-2
2.570000E-8	1.589790E-2
2.580000E-8	1.428944E-2
2.590000E-8	1.213455E-2
2.600000E-8	9.714149E-3
2.610000E-8	7.405092E-3
2.620000E-8	5.568810E-3
2.630000E-8	4.460531E-3
2.640000E-8	4.198450E-3
2.650000E-8	4.729465E-3
2.660000E-8	5.885706E-3
2.670000E-8	7.357130E-3
2.680000E-8	8.878230E-3
2.690000E-8	1.022975E-2
2.700000E-8	1.117530E-2
2.710000E-8	1.163779E-2
2.720000E-8	1.149733E-2
2.730000E-8	1.078988E-2
2.740000E-8	9.472623E-3
2.750000E-8	7.694581E-3
2.760000E-8	5.666448E-3
2.770000E-8	3.667435E-3
2.780000E-8	2.028142E-3
2.790000E-8	9.678262E-4
2.800000E-8	6.903283E-4
2.810000E-8	1.205926E-3
2.820000E-8	2.437537E-3
2.830000E-8	4.073405E-3
2.840000E-8	5.793206E-3
2.850000E-8	7.341713E-3
2.860000E-8	8.391752E-3
2.870000E-8	8.809712E-3
2.880000E-8	8.533927E-3
2.890000E-8	7.655183E-3
2.900000E-8	6.277971E-3
2.910000E-8	4.544466E-3
2.920000E-8	2.648230E-3
2.930000E-8	8.410679E-4
2.940000E-8	-6.063749E-4
2.950000E-8	-1.454285E-3
2.960000E-8	-1.529655E-3
2.970000E-8	-8.479009E-4
2.980000E-8	4.899131E-4
2.990000E-8	2.238835E-3
3.000000E-8	4.097386E-3
3.010000E-8	5.764086E-3
3.020000E-8	6.880930E-3
3.030000E-8	7.259492E-3
3.040000E-8	6.879217E-3
3.050000E-8	5.806910E-3
3.060000E-8	4.198450E-3
3.070000E-8	2.279946E-3
3.080000E-8	3.186181E-4
3.090000E-8	-1.404610E-3
3.100000E-8	-2.661915E-3
3.110000E-8	-3.249457E-3
3.120000E-8	-3.086727E-3
3.130000E-8	-2.201131E-3
3.140000E-8	-7.160037E-4
3.150000E-8	1.099723E-3
3.160000E-8	2.947996E-3
3.170000E-8	4.487939E-3
3.180000E-8	5.436913E-3
3.190000E-8	5.681865E-3
3.200000E-8	5.217655E-3
3.210000E-8	4.069979E-3
3.220000E-8	2.427260E-3
3.230000E-8	4.984779E-4
3.240000E-8	-1.392619E-3
3.250000E-8	-2.973672E-3
3.260000E-8	-3.996303E-3
3.270000E-8	-4.308060E-3
3.280000E-8	-3.879822E-3
3.290000E-8	-2.762979E-3
3.300000E-8	-1.175074E-3
3.310000E-8	6.851894E-4
3.320000E-8	2.495778E-3
3.330000E-8	3.879841E-3
3.340000E-8	4.647243E-3
3.350000E-8	4.590716E-3
3.360000E-8	3.744518E-3
3.370000E-8	2.233696E-3
3.380000E-8	3.117663E-4
3.390000E-8	-1.688959E-3
3.400000E-8	-3.412187E-3
3.410000E-8	-4.654076E-3
3.420000E-8	-5.239905E-3
3.430000E-8	-5.084026E-3
3.440000E-8	-4.268662E-3
3.450000E-8	-2.913719E-3
3.460000E-8	-1.245305E-3
3.470000E-8	5.361628E-4
3.480000E-8	2.100086E-3
3.490000E-8	3.225494E-3
3.500000E-8	3.742805E-3
3.510000E-8	3.526974E-3
3.520000E-8	2.625962E-3
3.530000E-8	1.229908E-3
3.540000E-8	-4.933202E-4
3.550000E-8	-2.206270E-3
3.560000E-8	-3.763342E-3
3.570000E-8	-4.909305E-3
3.580000E-8	-5.486570E-3
3.590000E-8	-5.428329E-3
3.600000E-8	-4.739723E-3
3.610000E-8	-3.489270E-3
3.620000E-8	-1.846551E-3
3.630000E-8	-8.221220E-5
3.640000E-8	1.533100E-3
3.650000E-8	2.715035E-3
3.660000E-8	3.239198E-3
3.670000E-8	2.994246E-3
3.680000E-8	2.019578E-3
3.690000E-8	5.087556E-4
3.700000E-8	-1.325814E-3
3.710000E-8	-3.187791E-3
3.720000E-8	-4.755140E-3
3.730000E-8	-5.805178E-3
3.740000E-8	-6.139204E-3
3.750000E-8	-5.740086E-3
3.760000E-8	-4.645511E-3
3.770000E-8	-3.098717E-3
3.780000E-8	-1.322388E-3
3.790000E-8	3.922750E-4
3.800000E-8	1.712959E-3
3.810000E-8	2.475222E-3
3.820000E-8	2.543740E-3
3.830000E-8	1.891106E-3
3.840000E-8	6.457916E-4
3.850000E-8	-1.002066E-3
3.860000E-8	-2.778396E-3
3.870000E-8	-4.439957E-3
3.880000E-8	-5.722957E-3
3.890000E-8	-6.414989E-3
3.900000E-8	-6.462951E-3
3.910000E-8	-5.779484E-3
3.920000E-8	-4.525605E-3
3.930000E-8	-2.870895E-3
3.940000E-8	-1.055168E-3
3.950000E-8	5.669959E-4
3.960000E-8	1.759209E-3
3.970000E-8	2.302214E-3
3.980000E-8	2.108651E-3
3.990000E-8	1.223056E-3
4.000000E-8	-1.644338E-4
4.010000E-8	-1.880810E-3
4.020000E-8	-3.638297E-3
4.030000E-8	-5.171387E-3
4.040000E-8	-6.253971E-3
4.050000E-8	-6.771282E-3
4.060000E-8	-6.635959E-3
4.070000E-8	-5.854854E-3
4.080000E-8	-4.582132E-3
4.090000E-8	-3.001079E-3
4.100000E-8	-1.377202E-3
4.110000E-8	3.940726E-5
4.120000E-8	1.034631E-3
4.130000E-8	1.461156E-3
4.140000E-8	1.305277E-3
4.150000E-8	5.344498E-4
4.160000E-8	-7.194296E-4
4.170000E-8	-2.267936E-3
4.180000E-8	-3.867832E-3
4.190000E-8	-5.286154E-3
4.200000E-8	-6.260823E-3
4.210000E-8	-6.632533E-3
4.220000E-8	-6.327628E-3
4.230000E-8	-5.390644E-3
4.240000E-8	-3.989451E-3
4.250000E-8	-2.336454E-3
4.260000E-8	-7.365591E-4
4.270000E-8	5.481534E-4
4.280000E-8	1.295000E-3
4.290000E-8	1.423471E-3
4.300000E-8	8.581974E-4
4.310000E-8	-2.706367E-4
4.320000E-8	-1.766042E-3
4.330000E-8	-3.372789E-3
4.340000E-8	-4.851065E-3
4.350000E-8	-6.026149E-3
4.360000E-8	-6.745588E-3
4.370000E-8	-6.932299E-3
4.380000E-8	-6.517766E-3
4.390000E-8	-5.563652E-3
4.400000E-8	-4.212135E-3
4.410000E-8	-2.624230E-3
4.420000E-8	-1.106556E-3
4.430000E-8	1.284807E-4
4.440000E-8	8.307902E-4
4.450000E-8	9.112988E-4
4.460000E-8	3.528771E-4
4.470000E-8	-7.451239E-4
4.480000E-8	-2.189141E-3
4.490000E-8	-3.783897E-3
4.500000E-8	-5.263886E-3
4.510000E-8	-6.414989E-3
4.520000E-8	-7.071048E-3
4.530000E-8	-7.103594E-3
4.540000E-8	-6.456099E-3
4.550000E-8	-5.291293E-3
4.560000E-8	-3.790749E-3
4.570000E-8	-2.226826E-3
4.580000E-8	-8.650304E-4
4.590000E-8	1.027864E-4
4.600000E-8	5.824124E-4
4.610000E-8	5.275980E-4
4.620000E-8	-5.480499E-5
4.630000E-8	-1.043177E-3
4.640000E-8	-2.348445E-3
4.650000E-8	-3.797601E-3
4.660000E-8	-5.195368E-3
4.670000E-8	-6.267675E-3
4.680000E-8	-6.772995E-3
4.690000E-8	-6.665079E-3
4.700000E-8	-5.967909E-3
4.710000E-8	-4.797964E-3
4.720000E-8	-3.362512E-3
4.730000E-8	-1.911643E-3
4.740000E-8	-6.783188E-4
4.750000E-8	2.141282E-4
4.760000E-8	6.269491E-4
4.770000E-8	4.933390E-4
4.780000E-8	-2.552202E-4
4.790000E-8	-1.490257E-3
4.800000E-8	-3.007931E-3
4.810000E-8	-4.541021E-3
4.820000E-8	-5.846289E-3
4.830000E-8	-6.682209E-3
4.840000E-8	-6.939151E-3
4.850000E-8	-6.603413E-3
4.860000E-8	-5.736660E-3
4.870000E-8	-4.493059E-3
4.880000E-8	-3.035338E-3
4.890000E-8	-1.608451E-3
4.900000E-8	-4.710519E-4
4.910000E-8	2.089893E-4
4.920000E-8	3.100534E-4
4.930000E-8	-1.233230E-4
4.940000E-8	-1.008918E-3
4.950000E-8	-2.175437E-3
4.960000E-8	-3.465289E-3
4.970000E-8	-4.640372E-3
4.980000E-8	-5.582495E-3
4.990000E-8	-6.161472E-3
5.000000E-8	-6.296795E-3
5.010000E-8	-5.959344E-3
5.020000E-8	-5.121711E-3
5.030000E-8	-3.910656E-3
5.040000E-8	-2.530018E-3
5.050000E-8	-1.190491E-3
5.060000E-8	-1.284618E-4
5.070000E-8	4.676448E-4
5.080000E-8	5.036167E-4
5.090000E-8	1.713891E-5
5.100000E-8	-9.695203E-4
5.110000E-8	-2.274788E-3
5.120000E-8	-3.735935E-3
5.130000E-8	-5.056619E-3
5.140000E-8	-6.044991E-3
5.150000E-8	-6.522904E-3
5.160000E-8	-6.445822E-3
5.170000E-8	-5.841150E-3
5.180000E-8	-4.818519E-3
5.190000E-8	-3.559501E-3
5.200000E-8	-2.293631E-3
5.210000E-8	-1.169935E-3
5.220000E-8	-3.442936E-4
5.230000E-8	9.422166E-5
5.240000E-8	6.681446E-5
5.250000E-8	-4.282281E-4
5.260000E-8	-1.344656E-3
5.270000E-8	-2.528305E-3
5.280000E-8	-3.811304E-3
5.290000E-8	-4.984675E-3
5.300000E-8	-5.825734E-3
5.310000E-8	-6.182027E-3
5.320000E-8	-6.019297E-3
5.330000E-8	-5.347821E-3
5.340000E-8	-4.282366E-3
5.350000E-8	-3.013070E-3
5.360000E-8	-1.791736E-3
5.370000E-8	-7.588275E-4
5.380000E-8	-9.077695E-5
5.390000E-8	1.284807E-4
5.400000E-8	-8.049925E-5
5.410000E-8	-7.074390E-4
5.420000E-8	-1.642710E-3
5.430000E-8	-2.804090E-3
5.440000E-8	-3.967183E-3
5.450000E-8	-4.979536E-3
5.460000E-8	-5.625319E-3
5.470000E-8	-5.800039E-3
5.480000E-8	-5.495134E-3
5.490000E-8	-4.789399E-3
5.500000E-8	-3.789036E-3
5.510000E-8	-2.672193E-3
5.520000E-8	-1.606738E-3
5.530000E-8	-7.399850E-4
5.540000E-8	-2.141093E-4
5.550000E-8	-1.181841E-4
5.560000E-8	-4.008209E-4
5.570000E-8	-1.101417E-3
5.580000E-8	-2.125762E-3
5.590000E-8	-3.297419E-3
5.600000E-8	-4.405698E-3
5.610000E-8	-5.265599E-3
5.620000E-8	-5.731521E-3
5.630000E-8	-5.683559E-3
5.640000E-8	-5.140554E-3
5.650000E-8	-4.225838E-3
5.660000E-8	-3.136402E-3
5.670000E-8	-2.043540E-3
5.680000E-8	-1.130538E-3
5.690000E-8	-5.053109E-4
5.700000E-8	-1.935539E-4
5.710000E-8	-2.586461E-4
5.720000E-8	-6.731800E-4
5.730000E-8	-1.370351E-3
5.740000E-8	-2.302195E-3
5.750000E-8	-3.343669E-3
5.760000E-8	-4.361161E-3
5.770000E-8	-5.159396E-3
5.780000E-8	-5.561939E-3
5.790000E-8	-5.527680E-3
5.800000E-8	-5.036064E-3
5.810000E-8	-4.167598E-3
5.820000E-8	-3.088440E-3
5.830000E-8	-1.980161E-3
5.840000E-8	-1.002066E-3
5.850000E-8	-3.254511E-4
5.860000E-8	-2.739779E-5
5.870000E-8	-1.130453E-4
5.880000E-8	-5.806807E-4
5.890000E-8	-1.396045E-3
5.900000E-8	-2.410111E-3
5.910000E-8	-3.497835E-3
5.920000E-8	-4.429679E-3
5.930000E-8	-5.078887E-3
5.940000E-8	-5.354672E-3
5.950000E-8	-5.205646E-3
5.960000E-8	-4.683196E-3
5.970000E-8	-3.883248E-3
5.980000E-8	-2.888024E-3
5.990000E-8	-1.894513E-3
6.000000E-8	-1.058594E-3
6.010000E-8	-5.121627E-4
6.020000E-8	-3.905432E-4
6.030000E-8	-7.057260E-4
6.040000E-8	-1.414887E-3
6.050000E-8	-2.386130E-3
6.060000E-8	-3.446446E-3
6.070000E-8	-4.438244E-3
6.080000E-8	-5.150831E-3
6.090000E-8	-5.498560E-3
6.100000E-8	-5.411200E-3
6.110000E-8	-4.960694E-3
6.120000E-8	-4.198431E-3
6.130000E-8	-3.266586E-3
6.140000E-8	-2.355297E-3
6.150000E-8	-1.567340E-3
6.160000E-8	-9.849369E-4
6.170000E-8	-6.611893E-4
6.180000E-8	-6.269303E-4
6.190000E-8	-8.718822E-4
6.200000E-8	-1.384054E-3
6.210000E-8	-2.127475E-3
6.220000E-8	-3.042190E-3
6.230000E-8	-3.986025E-3
6.240000E-8	-4.792825E-3
6.250000E-8	-5.332404E-3
6.260000E-8	-5.442033E-3
6.270000E-8	-5.157683E-3
6.280000E-8	-4.515327E-3
6.290000E-8	-3.655426E-3
6.300000E-8	-2.756127E-3
6.310000E-8	-1.957893E-3
6.320000E-8	-1.418313E-3
6.330000E-8	-1.205907E-3
6.340000E-8	-1.294981E-3
6.350000E-8	-1.687246E-3
6.360000E-8	-2.305621E-3
6.370000E-8	-3.093578E-3
6.380000E-8	-3.938063E-3
6.390000E-8	-4.734585E-3
6.400000E-8	-5.342682E-3
6.410000E-8	-5.668142E-3
6.420000E-8	-5.596198E-3
6.430000E-8	-5.138841E-3
6.440000E-8	-4.344032E-3
6.450000E-8	-3.376215E-3
6.460000E-8	-2.404972E-3
6.470000E-8	-1.575905E-3
6.480000E-8	-1.055168E-3
6.490000E-8	-8.855858E-4
6.500000E-8	-1.091140E-3
6.510000E-8	-1.579331E-3
6.520000E-8	-2.266224E-3
6.530000E-8	-3.054181E-3
6.540000E-8	-3.855841E-3
6.550000E-8	-4.558151E-3
6.560000E-8	-5.056619E-3
6.570000E-8	-5.294719E-3
6.580000E-8	-5.185090E-3
6.590000E-8	-4.784260E-3
6.600000E-8	-4.080238E-3
6.610000E-8	-3.259735E-3
6.620000E-8	-2.439231E-3
6.630000E-8	-1.798588E-3
6.640000E-8	-1.428591E-3
6.650000E-8	-1.342943E-3
6.660000E-8	-1.608451E-3
6.670000E-8	-2.158308E-3
6.680000E-8	-2.891450E-3
6.690000E-8	-3.711953E-3
6.700000E-8	-4.487920E-3
6.710000E-8	-5.113146E-3
6.720000E-8	-5.483144E-3
6.730000E-8	-5.505412E-3
6.740000E-8	-5.149118E-3
6.750000E-8	-4.467364E-3
6.760000E-8	-3.593760E-3
6.770000E-8	-2.701313E-3
6.780000E-8	-1.899652E-3
6.790000E-8	-1.312110E-3
6.800000E-8	-1.094566E-3
6.810000E-8	-1.271000E-3
6.820000E-8	-1.771181E-3
6.830000E-8	-2.487194E-3
6.840000E-8	-3.292281E-3
6.850000E-8	-4.028849E-3
6.860000E-8	-4.628382E-3
6.870000E-8	-5.044628E-3
6.880000E-8	-5.190229E-3
6.890000E-8	-5.054906E-3
6.900000E-8	-4.647224E-3
6.910000E-8	-3.996303E-3
6.920000E-8	-3.252883E-3
6.930000E-8	-2.521453E-3
6.940000E-8	-1.937337E-3
6.950000E-8	-1.593034E-3
6.960000E-8	-1.490257E-3
6.970000E-8	-1.617015E-3
6.980000E-8	-1.956180E-3
6.990000E-8	-2.514601E-3
7.000000E-8	-3.218624E-3
7.010000E-8	-3.977461E-3
7.020000E-8	-4.674631E-3
7.030000E-8	-5.147405E-3
7.040000E-8	-5.282729E-3
7.050000E-8	-5.058332E-3
7.060000E-8	-4.588984E-3
7.070000E-8	-3.987738E-3
7.080000E-8	-3.383067E-3
7.090000E-8	-2.805803E-3
7.100000E-8	-2.343306E-3
7.110000E-8	-2.009281E-3
7.120000E-8	-1.844838E-3
7.130000E-8	-1.892800E-3
7.140000E-8	-2.170298E-3
7.150000E-8	-2.680757E-3
7.160000E-8	-3.357373E-3
7.170000E-8	-4.105932E-3
7.180000E-8	-4.738010E-3
7.190000E-8	-5.133702E-3
7.200000E-8	-5.217636E-3
7.210000E-8	-4.950416E-3
7.220000E-8	-4.417689E-3
7.230000E-8	-3.746212E-3
7.240000E-8	-3.086727E-3
7.250000E-8	-2.562564E-3
7.260000E-8	-2.206270E-3
7.270000E-8	-2.034975E-3
7.280000E-8	-2.118910E-3
7.290000E-8	-2.360436E-3
7.300000E-8	-2.834923E-3
7.310000E-8	-3.439594E-3
7.320000E-8	-4.114497E-3
7.330000E-8	-4.724307E-3
7.340000E-8	-5.123424E-3
7.350000E-8	-5.289580E-3
7.360000E-8	-5.174813E-3
7.370000E-8	-4.883611E-3
7.380000E-8	-4.422828E-3
7.390000E-8	-3.900378E-3
7.400000E-8	-3.372789E-3
7.410000E-8	-2.923996E-3
7.420000E-8	-2.526592E-3
7.430000E-8	-2.262798E-3
7.440000E-8	-2.172011E-3
7.450000E-8	-2.262798E-3
7.460000E-8	-2.579693E-3
7.470000E-8	-3.071310E-3
7.480000E-8	-3.715379E-3
7.490000E-8	-4.373152E-3
7.500000E-8	-4.921296E-3
7.510000E-8	-5.186803E-3
7.520000E-8	-5.131989E-3
7.530000E-8	-4.756853E-3
7.540000E-8	-4.181302E-3
7.550000E-8	-3.513251E-3
7.560000E-8	-2.886311E-3
7.570000E-8	-2.418676E-3
7.580000E-8	-2.130900E-3
7.590000E-8	-2.043540E-3
7.600000E-8	-2.122336E-3
7.610000E-8	-2.363862E-3
7.620000E-8	-2.762979E-3
7.630000E-8	-3.246031E-3
7.640000E-8	-3.753064E-3
7.650000E-8	-4.183015E-3
7.660000E-8	-4.494772E-3
7.670000E-8	-4.623243E-3
7.680000E-8	-4.525605E-3
7.690000E-8	-4.186441E-3
7.700000E-8	-3.722231E-3
7.710000E-8	-3.220337E-3
7.720000E-8	-2.750988E-3
7.730000E-8	-2.363862E-3
7.740000E-8	-2.136039E-3
7.750000E-8	-2.058957E-3
7.760000E-8	-2.172011E-3
7.770000E-8	-2.423815E-3
7.780000E-8	-2.759553E-3
7.790000E-8	-3.180939E-3
7.800000E-8	-3.645148E-3
7.810000E-8	-4.092228E-3
7.820000E-8	-4.493059E-3
7.830000E-8	-4.726020E-3
7.840000E-8	-4.775695E-3
7.850000E-8	-4.607826E-3
7.860000E-8	-4.186441E-3
7.870000E-8	-3.581769E-3
7.880000E-8	-2.930848E-3
7.890000E-8	-2.372426E-3
7.900000E-8	-2.007568E-3
7.910000E-8	-1.944189E-3
7.920000E-8	-2.195993E-3
7.930000E-8	-2.643073E-3
7.940000E-8	-3.199781E-3
7.950000E-8	-3.732509E-3
7.960000E-8	-4.153894E-3
7.970000E-8	-4.385143E-3
7.980000E-8	-4.429679E-3
7.990000E-8	-4.311486E-3
8.000000E-8	-4.061395E-3
8.010000E-8	-3.727370E-3
8.020000E-8	-3.350521E-3
8.030000E-8	-2.942839E-3
8.040000E-8	-2.538583E-3
8.050000E-8	-2.184002E-3
8.060000E-8	-1.980161E-3
8.070000E-8	-1.971596E-3
8.080000E-8	-2.202844E-3
8.090000E-8	-2.668767E-3
8.100000E-8	-3.230614E-3
8.110000E-8	-3.783897E-3
8.120000E-8	-4.193292E-3
8.130000E-8	-4.429679E-3
8.140000E-8	-4.475929E-3
8.150000E-8	-4.361161E-3
8.160000E-8	-4.080238E-3
8.170000E-8	-3.682833E-3
8.180000E-8	-3.198068E-3
8.190000E-8	-2.697887E-3
8.200000E-8	-2.259372E-3
8.210000E-8	-2.005855E-3
8.220000E-8	-2.009281E-3
8.230000E-8	-2.252520E-3
8.240000E-8	-2.720155E-3
8.250000E-8	-3.261447E-3
8.260000E-8	-3.792462E-3
8.270000E-8	-4.236116E-3
8.280000E-8	-4.517040E-3
8.290000E-8	-4.621530E-3
8.300000E-8	-4.563290E-3
8.310000E-8	-4.366300E-3
8.320000E-8	-4.054543E-3
8.330000E-8	-3.640009E-3
8.340000E-8	-3.175800E-3
8.350000E-8	-2.742424E-3
8.360000E-8	-2.370713E-3
8.370000E-8	-2.153169E-3
8.380000E-8	-2.096641E-3
8.390000E-8	-2.204557E-3
8.400000E-8	-2.435806E-3
8.410000E-8	-2.728720E-3
8.420000E-8	-3.054181E-3
8.430000E-8	-3.367650E-3
8.440000E-8	-3.682833E-3
8.450000E-8	-3.908943E-3
8.460000E-8	-4.064821E-3
8.470000E-8	-4.083664E-3
8.480000E-8	-3.941489E-3
8.490000E-8	-3.652000E-3
8.500000E-8	-3.297419E-3
8.510000E-8	-2.939413E-3
8.520000E-8	-2.660202E-3
8.530000E-8	-2.488907E-3
8.540000E-8	-2.473490E-3
8.550000E-8	-2.605388E-3
8.560000E-8	-2.805803E-3
8.570000E-8	-3.088440E-3
8.580000E-8	-3.365937E-3
8.590000E-8	-3.605750E-3
8.600000E-8	-3.765055E-3
8.610000E-8	-3.836999E-3
8.620000E-8	-3.852415E-3
8.630000E-8	-3.777045E-3
8.640000E-8	-3.628019E-3
8.650000E-8	-3.389919E-3
8.660000E-8	-3.090152E-3
8.670000E-8	-2.781821E-3
8.680000E-8	-2.535157E-3
8.690000E-8	-2.420389E-3
8.700000E-8	-2.494046E-3
8.710000E-8	-2.699600E-3
8.720000E-8	-2.982237E-3
8.730000E-8	-3.316262E-3
8.740000E-8	-3.598899E-3
8.750000E-8	-3.804453E-3
8.760000E-8	-3.902091E-3
8.770000E-8	-3.917507E-3
8.780000E-8	-3.855841E-3
8.790000E-8	-3.699963E-3
8.800000E-8	-3.475566E-3
8.810000E-8	-3.234040E-3
8.820000E-8	-3.001079E-3
8.830000E-8	-2.781821E-3
8.840000E-8	-2.653350E-3
8.850000E-8	-2.598536E-3
8.860000E-8	-2.622517E-3
8.870000E-8	-2.728720E-3
8.880000E-8	-2.915432E-3
8.890000E-8	-3.146680E-3
8.900000E-8	-3.348808E-3
8.910000E-8	-3.509825E-3
8.920000E-8	-3.604038E-3
8.930000E-8	-3.617741E-3
8.940000E-8	-3.520103E-3
8.950000E-8	-3.352234E-3
8.960000E-8	-3.132976E-3
8.970000E-8	-2.860617E-3
8.980000E-8	-2.574555E-3
8.990000E-8	-2.362149E-3
9.000000E-8	-2.255946E-3
9.010000E-8	-2.281640E-3
9.020000E-8	-2.423815E-3
9.030000E-8	-2.691035E-3
9.040000E-8	-3.009644E-3
9.050000E-8	-3.312836E-3
9.060000E-8	-3.566353E-3
9.070000E-8	-3.705102E-3
9.080000E-8	-3.691398E-3
9.090000E-8	-3.566353E-3
9.100000E-8	-3.307697E-3
9.110000E-8	-2.978811E-3
9.120000E-8	-2.644785E-3
9.130000E-8	-2.312473E-3
9.140000E-8	-2.065808E-3
9.150000E-8	-1.963031E-3
9.160000E-8	-2.036688E-3
9.170000E-8	-2.312473E-3
9.180000E-8	-2.691035E-3
9.190000E-8	-3.097004E-3
9.200000E-8	-3.427604E-3
9.210000E-8	-3.669130E-3
9.220000E-8	-3.782184E-3
9.230000E-8	-3.782184E-3
9.240000E-8	-3.696537E-3
9.250000E-8	-3.530381E-3
9.260000E-8	-3.328253E-3
9.270000E-8	-3.107282E-3
9.280000E-8	-2.865756E-3
9.290000E-8	-2.672193E-3
9.300000E-8	-2.555712E-3
9.310000E-8	-2.547147E-3
9.320000E-8	-2.608814E-3
9.330000E-8	-2.684183E-3
9.340000E-8	-2.749275E-3
9.350000E-8	-2.740711E-3
9.360000E-8	-2.740711E-3
9.370000E-8	-2.756127E-3
9.380000E-8	-2.870895E-3
9.390000E-8	-3.055893E-3
9.400000E-8	-3.261447E-3
9.410000E-8	-3.398483E-3
9.420000E-8	-3.395058E-3
9.430000E-8	-3.174087E-3
9.440000E-8	-2.828071E-3
9.450000E-8	-2.459787E-3
9.460000E-8	-2.209696E-3
9.470000E-8	-2.142891E-3
9.480000E-8	-2.273075E-3
9.490000E-8	-2.531731E-3
9.500000E-8	-2.867469E-3
9.510000E-8	-3.172374E-3
9.520000E-8	-3.427604E-3
9.530000E-8	-3.638297E-3
9.540000E-8	-3.759916E-3
9.550000E-8	-3.759916E-3
9.560000E-8	-3.652000E-3
9.570000E-8	-3.443020E-3
9.580000E-8	-3.182652E-3
9.590000E-8	-2.935987E-3
9.600000E-8	-2.725294E-3
9.610000E-8	-2.598536E-3
9.620000E-8	-2.557425E-3
9.630000E-8	-2.601962E-3
9.640000E-8	-2.670480E-3
9.650000E-8	-2.733859E-3
9.660000E-8	-2.807516E-3
9.670000E-8	-2.858904E-3
9.680000E-8	-2.913719E-3
9.690000E-8	-2.977098E-3
9.700000E-8	-3.013070E-3
9.710000E-8	-3.037051E-3
9.720000E-8	-3.023347E-3
9.730000E-8	-2.901728E-3
9.740000E-8	-2.725294E-3
9.750000E-8	-2.552286E-3
9.760000E-8	-2.387843E-3
9.770000E-8	-2.261085E-3
9.780000E-8	-2.206270E-3
9.790000E-8	-2.172011E-3
9.800000E-8	-2.195993E-3
9.810000E-8	-2.283353E-3
9.820000E-8	-2.461500E-3
9.830000E-8	-2.720155E-3
9.840000E-8	-2.980524E-3
9.850000E-8	-3.204920E-3
9.860000E-8	-3.353947E-3
9.870000E-8	-3.355660E-3
9.880000E-8	-3.225476E-3
9.890000E-8	-3.042190E-3
9.900000E-8	-2.862330E-3
9.910000E-8	-2.709878E-3
9.920000E-8	-2.613952E-3
9.930000E-8	-2.538583E-3
9.940000E-8	-2.473490E-3
9.950000E-8	-2.432380E-3
9.960000E-8	-2.413537E-3
9.970000E-8	-2.500898E-3
9.980000E-8	-2.646498E-3
9.990000E-8	-2.840062E-3
1.000000E-7	-3.049042E-3
1.001000E-7	-3.208346E-3
1.002000E-7	-3.304271E-3
1.003000E-7	-3.316262E-3
1.004000E-7	-3.283716E-3
1.005000E-7	-3.204920E-3
1.006000E-7	-3.073023E-3
1.007000E-7	-2.869182E-3
1.008000E-7	-2.646498E-3
1.009000E-7	-2.411824E-3
1.010000E-7	-2.252520E-3
1.011000E-7	-2.170298E-3
1.012000E-7	-2.163447E-3
1.013000E-7	-2.218261E-3
1.014000E-7	-2.358723E-3
1.015000E-7	-2.528305E-3
1.016000E-7	-2.706452E-3
1.017000E-7	-2.893163E-3
1.018000E-7	-3.042190E-3
1.019000E-7	-3.100430E-3
1.020000E-7	-3.021634E-3
1.021000E-7	-2.817793E-3
1.022000E-7	-2.608814E-3
1.023000E-7	-2.423815E-3
1.024000E-7	-2.309047E-3
1.025000E-7	-2.269649E-3
1.026000E-7	-2.293631E-3
1.027000E-7	-2.346732E-3
1.028000E-7	-2.446083E-3
1.029000E-7	-2.524879E-3
1.030000E-7	-2.586545E-3
1.031000E-7	-2.655063E-3
1.032000E-7	-2.715016E-3
1.033000E-7	-2.730433E-3
1.034000E-7	-2.725294E-3
1.035000E-7	-2.709878E-3
1.036000E-7	-2.692748E-3
1.037000E-7	-2.667054E-3
1.038000E-7	-2.631082E-3
1.039000E-7	-2.591684E-3
1.040000E-7	-2.524879E-3
1.041000E-7	-2.439231E-3
1.042000E-7	-2.413537E-3
1.043000E-7	-2.418676E-3
1.044000E-7	-2.497472E-3
1.045000E-7	-2.655063E-3
1.046000E-7	-2.838349E-3
1.047000E-7	-2.977098E-3
1.048000E-7	-3.064458E-3
1.049000E-7	-3.081588E-3
1.050000E-7	-3.033625E-3
1.051000E-7	-2.917145E-3
1.052000E-7	-2.744137E-3
1.053000E-7	-2.574555E-3
1.054000E-7	-2.434093E-3
1.055000E-7	-2.353584E-3
1.056000E-7	-2.362149E-3
1.057000E-7	-2.430667E-3
1.058000E-7	-2.555712E-3
1.059000E-7	-2.728720E-3
1.060000E-7	-2.896589E-3
1.061000E-7	-3.030199E-3
1.062000E-7	-3.119273E-3
1.063000E-7	-3.132976E-3
1.064000E-7	-3.107282E-3
1.065000E-7	-3.035338E-3
1.066000E-7	-3.006218E-3
1.067000E-7	-2.994227E-3
1.068000E-7	-2.983950E-3
1.069000E-7	-2.934274E-3
1.070000E-7	-2.874321E-3
1.071000E-7	-2.792099E-3
1.072000E-7	-2.740711E-3
1.073000E-7	-2.737285E-3
1.074000E-7	-2.798951E-3
1.075000E-7	-2.876034E-3
1.076000E-7	-2.942839E-3
1.077000E-7	-2.999366E-3
1.078000E-7	-3.028486E-3
1.079000E-7	-3.026773E-3
1.080000E-7	-3.064458E-3
1.081000E-7	-3.086727E-3
1.082000E-7	-3.108995E-3
1.083000E-7	-3.059319E-3
1.084000E-7	-2.958255E-3
1.085000E-7	-2.833210E-3
1.086000E-7	-2.677332E-3
1.087000E-7	-2.608814E-3
1.088000E-7	-2.591684E-3
1.089000E-7	-2.631082E-3
1.090000E-7	-2.716729E-3
1.091000E-7	-2.836636E-3
1.092000E-7	-3.007931E-3
1.093000E-7	-3.186078E-3
1.094000E-7	-3.328253E-3
1.095000E-7	-3.422465E-3
1.096000E-7	-3.455011E-3
1.097000E-7	-3.374502E-3
1.098000E-7	-3.237466E-3
1.099000E-7	-3.025060E-3
1.100000E-7	-2.857191E-3
1.101000E-7	-2.747562E-3
1.102000E-7	-2.691035E-3
1.103000E-7	-2.694461E-3
1.104000E-7	-2.728720E-3
1.105000E-7	-2.790386E-3
1.106000E-7	-2.821219E-3
1.107000E-7	-2.886311E-3
1.108000E-7	-2.987375E-3
1.109000E-7	-3.110708E-3
1.110000E-7	-3.268299E-3
1.111000E-7	-3.401909E-3
1.112000E-7	-3.496122E-3
1.113000E-7	-3.532094E-3
1.114000E-7	-3.475566E-3
1.115000E-7	-3.359086E-3
1.116000E-7	-3.287142E-3
1.117000E-7	-3.261447E-3
1.118000E-7	-3.319688E-3
1.119000E-7	-3.453298E-3
1.120000E-7	-3.549223E-3
1.121000E-7	-3.569779E-3
1.122000E-7	-3.501260E-3
1.123000E-7	-3.357373E-3
1.124000E-7	-3.198068E-3
1.125000E-7	-3.127837E-3
1.126000E-7	-3.120986E-3
1.127000E-7	-3.186078E-3
1.128000E-7	-3.247744E-3
1.129000E-7	-3.237466E-3
1.130000E-7	-3.134689E-3
1.131000E-7	-2.917145E-3
1.132000E-7	-2.670480E-3
1.133000E-7	-2.487194E-3
1.134000E-7	-2.423815E-3
1.135000E-7	-2.418676E-3
1.136000E-7	-2.519740E-3
1.137000E-7	-2.649924E-3
1.138000E-7	-2.795525E-3
1.139000E-7	-2.901728E-3
1.140000E-7	-2.958255E-3
1.141000E-7	-2.992514E-3
1.142000E-7	-2.990801E-3
1.143000E-7	-2.982237E-3
1.144000E-7	-2.965107E-3
1.145000E-7	-2.923996E-3
1.146000E-7	-2.864043E-3
1.147000E-7	-2.860617E-3
1.148000E-7	-2.841775E-3
1.149000E-7	-2.888024E-3
1.150000E-7	-2.934274E-3
1.151000E-7	-2.985663E-3
1.152000E-7	-3.001079E-3
1.153000E-7	-2.946265E-3
1.154000E-7	-2.900015E-3
1.155000E-7	-2.886311E-3
1.156000E-7	-2.898302E-3
1.157000E-7	-2.927422E-3
1.158000E-7	-2.927422E-3
1.159000E-7	-2.870895E-3
1.160000E-7	-2.769831E-3
1.161000E-7	-2.665341E-3
1.162000E-7	-2.608814E-3
1.163000E-7	-2.564277E-3
1.164000E-7	-2.542008E-3
1.165000E-7	-2.492333E-3
1.166000E-7	-2.449509E-3
1.167000E-7	-2.416963E-3
1.168000E-7	-2.410111E-3
1.169000E-7	-2.449509E-3
1.170000E-7	-2.555712E-3
1.171000E-7	-2.701313E-3
1.172000E-7	-2.865756E-3
1.173000E-7	-3.011357E-3
1.174000E-7	-3.090152E-3
1.175000E-7	-3.141541E-3
1.176000E-7	-3.143254E-3
1.177000E-7	-3.127837E-3
1.178000E-7	-3.057606E-3
1.179000E-7	-2.939413E-3
1.180000E-7	-2.831497E-3
1.181000E-7	-2.756127E-3
1.182000E-7	-2.744137E-3
1.183000E-7	-2.807516E-3
1.184000E-7	-2.930848E-3
1.185000E-7	-3.062745E-3
1.186000E-7	-3.127837E-3
1.187000E-7	-3.150106E-3
1.188000E-7	-3.102143E-3
1.189000E-7	-3.018209E-3
1.190000E-7	-2.901728E-3
1.191000E-7	-2.826358E-3
1.192000E-7	-2.810942E-3
1.193000E-7	-2.797238E-3
1.194000E-7	-2.793812E-3
1.195000E-7	-2.756127E-3
1.196000E-7	-2.704739E-3
1.197000E-7	-2.644785E-3
1.198000E-7	-2.593397E-3
1.199000E-7	-2.627656E-3
1.200000E-7	-2.694461E-3
1.201000E-7	-2.744137E-3
1.202000E-7	-2.822932E-3
1.203000E-7	-2.860617E-3
1.204000E-7	-2.869182E-3
1.205000E-7	-2.838349E-3
1.206000E-7	-2.769831E-3
1.207000E-7	-2.672193E-3
1.208000E-7	-2.559138E-3
1.209000E-7	-2.478629E-3
1.210000E-7	-2.463213E-3
1.211000E-7	-2.487194E-3
1.212000E-7	-2.560851E-3
1.213000E-7	-2.673906E-3
1.214000E-7	-2.788673E-3
1.215000E-7	-2.923996E-3
1.216000E-7	-3.023347E-3
1.217000E-7	-3.117560E-3
1.218000E-7	-3.126124E-3
1.219000E-7	-3.066171E-3
1.220000E-7	-3.016496E-3
1.221000E-7	-3.001079E-3
1.222000E-7	-2.997653E-3
1.223000E-7	-3.025060E-3
1.224000E-7	-3.103856E-3
1.225000E-7	-3.136402E-3
1.226000E-7	-3.129550E-3
1.227000E-7	-3.126124E-3
1.228000E-7	-3.119273E-3
1.229000E-7	-3.103856E-3
1.230000E-7	-3.131263E-3
1.231000E-7	-3.114134E-3
1.232000E-7	-3.105569E-3
1.233000E-7	-3.093578E-3
1.234000E-7	-3.064458E-3
1.235000E-7	-3.054181E-3
1.236000E-7	-3.042190E-3
1.237000E-7	-3.014783E-3
1.238000E-7	-2.980524E-3
1.239000E-7	-2.954829E-3
1.240000E-7	-2.934274E-3
1.241000E-7	-2.912006E-3
1.242000E-7	-2.901728E-3
1.243000E-7	-2.905154E-3
1.244000E-7	-2.912006E-3
1.245000E-7	-2.992514E-3
1.246000E-7	-3.098717E-3
1.247000E-7	-3.208346E-3
1.248000E-7	-3.300845E-3
1.249000E-7	-3.352234E-3
1.250000E-7	-3.340243E-3
1.251000E-7	-3.290568E-3
1.252000E-7	-3.244318E-3
1.253000E-7	-3.167235E-3
1.254000E-7	-3.093578E-3
1.255000E-7	-3.014783E-3
1.256000E-7	-2.951404E-3
1.257000E-7	-2.896589E-3
1.258000E-7	-2.829784E-3
1.259000E-7	-2.778396E-3
1.260000E-7	-2.735572E-3
1.261000E-7	-2.701313E-3
1.262000E-7	-2.704739E-3
1.263000E-7	-2.728720E-3
1.264000E-7	-2.759553E-3
1.265000E-7	-2.783534E-3
1.266000E-7	-2.840062E-3
1.267000E-7	-2.882886E-3
1.268000E-7	-2.889737E-3
1.269000E-7	-2.869182E-3
1.270000E-7	-2.797238E-3
1.271000E-7	-2.733859E-3
1.272000E-7	-2.721868E-3
1.273000E-7	-2.737285E-3
1.274000E-7	-2.824645E-3
1.275000E-7	-2.970246E-3
1.276000E-7	-3.093578E-3
1.277000E-7	-3.174087E-3
1.278000E-7	-3.160383E-3
1.279000E-7	-3.086727E-3
1.280000E-7	-2.965107E-3
1.281000E-7	-2.807516E-3
1.282000E-7	-2.709878E-3
1.283000E-7	-2.672193E-3
1.284000E-7	-2.708165E-3
1.285000E-7	-2.759553E-3
1.286000E-7	-2.833210E-3
1.287000E-7	-2.865756E-3
1.288000E-7	-2.845201E-3
1.289000E-7	-2.771544E-3
1.290000E-7	-2.675619E-3
1.291000E-7	-2.574555E-3
1.292000E-7	-2.550573E-3
1.293000E-7	-2.588258E-3
1.294000E-7	-2.727007E-3
1.295000E-7	-2.870895E-3
1.296000E-7	-2.978811E-3
1.297000E-7	-3.014783E-3
1.298000E-7	-2.963394E-3
1.299000E-7	-2.879460E-3
1.300000E-7	-2.814368E-3
1.301000E-7	-2.783534E-3
1.302000E-7	-2.834923E-3
1.303000E-7	-2.910293E-3
1.304000E-7	-3.007931E-3
1.305000E-7	-3.127837E-3
1.306000E-7	-3.232327E-3
1.307000E-7	-3.305984E-3
1.308000E-7	-3.350521E-3
1.309000E-7	-3.374502E-3
1.310000E-7	-3.347095E-3
1.311000E-7	-3.302558E-3
1.312000E-7	-3.189504E-3
1.313000E-7	-3.047329E-3
1.314000E-7	-2.917145E-3
1.315000E-7	-2.773257E-3
1.316000E-7	-2.661915E-3
1.317000E-7	-2.649924E-3
1.318000E-7	-2.718442E-3
1.319000E-7	-2.862330E-3
1.320000E-7	-2.985663E-3
1.321000E-7	-3.083301E-3
1.322000E-7	-3.174087E-3
1.323000E-7	-3.215198E-3
1.324000E-7	-3.206633E-3
1.325000E-7	-3.203207E-3
1.326000E-7	-3.213485E-3
1.327000E-7	-3.230614E-3
1.328000E-7	-3.230614E-3
1.329000E-7	-3.162096E-3
1.330000E-7	-3.071310E-3
1.331000E-7	-2.954829E-3
1.332000E-7	-2.876034E-3
1.333000E-7	-2.870895E-3
1.334000E-7	-2.886311E-3
1.335000E-7	-2.915432E-3
1.336000E-7	-2.946265E-3
1.337000E-7	-2.971959E-3
1.338000E-7	-2.987375E-3
1.339000E-7	-3.033625E-3
1.340000E-7	-3.055893E-3
1.341000E-7	-3.117560E-3
1.342000E-7	-3.175800E-3
1.343000E-7	-3.234040E-3
1.344000E-7	-3.259735E-3
1.345000E-7	-3.225476E-3
1.346000E-7	-3.150106E-3
1.347000E-7	-3.100430E-3
1.348000E-7	-3.069597E-3
1.349000E-7	-3.076449E-3
1.350000E-7	-3.071310E-3
1.351000E-7	-3.088440E-3
1.352000E-7	-3.050755E-3
1.353000E-7	-3.001079E-3
1.354000E-7	-2.935987E-3
1.355000E-7	-2.876034E-3
1.356000E-7	-2.857191E-3
1.357000E-7	-2.852052E-3
1.358000E-7	-2.900015E-3
1.359000E-7	-3.001079E-3
1.360000E-7	-3.095291E-3
1.361000E-7	-3.143254E-3
1.362000E-7	-3.156958E-3
1.363000E-7	-3.107282E-3
1.364000E-7	-3.016496E-3
1.365000E-7	-2.970246E-3
1.366000E-7	-2.997653E-3
1.367000E-7	-3.078162E-3
1.368000E-7	-3.196355E-3
1.369000E-7	-3.251170E-3
1.370000E-7	-3.182652E-3
1.371000E-7	-3.076449E-3
1.372000E-7	-2.912006E-3
1.373000E-7	-2.793812E-3
1.374000E-7	-2.757840E-3
1.375000E-7	-2.841775E-3
1.376000E-7	-2.942839E-3
1.377000E-7	-3.071310E-3
1.378000E-7	-3.110708E-3
1.379000E-7	-3.067884E-3
1.380000E-7	-2.946265E-3
1.381000E-7	-2.805803E-3
1.382000E-7	-2.735572E-3
1.383000E-7	-2.761266E-3
1.384000E-7	-2.824645E-3
1.385000E-7	-2.881173E-3
1.386000E-7	-2.927422E-3
1.387000E-7	-2.947978E-3
1.388000E-7	-2.927422E-3
1.389000E-7	-2.876034E-3
1.390000E-7	-2.869182E-3
1.391000E-7	-2.879460E-3
1.392000E-7	-2.913719E-3
1.393000E-7	-2.896589E-3
1.394000E-7	-2.795525E-3
1.395000E-7	-2.682470E-3
1.396000E-7	-2.593397E-3
1.397000E-7	-2.559138E-3
1.398000E-7	-2.593397E-3
1.399000E-7	-2.694461E-3
1.400000E-7	-2.780109E-3
1.401000E-7	-2.860617E-3
1.402000E-7	-2.858904E-3
1.403000E-7	-2.778396E-3
1.404000E-7	-2.655063E-3
1.405000E-7	-2.531731E-3
1.406000E-7	-2.490620E-3
1.407000E-7	-2.583119E-3
1.408000E-7	-2.771544E-3
1.409000E-7	-2.953116E-3
1.410000E-7	-3.043903E-3
1.411000E-7	-3.018209E-3
1.412000E-7	-2.908580E-3
1.413000E-7	-2.790386E-3
1.414000E-7	-2.723581E-3
1.415000E-7	-2.694461E-3
1.416000E-7	-2.780109E-3
1.417000E-7	-2.874321E-3
1.418000E-7	-2.956542E-3
1.419000E-7	-2.959968E-3
1.420000E-7	-2.888024E-3
1.421000E-7	-2.764692E-3
1.422000E-7	-2.620804E-3
1.423000E-7	-2.523166E-3
1.424000E-7	-2.500898E-3
1.425000E-7	-2.542008E-3
1.426000E-7	-2.653350E-3
1.427000E-7	-2.771544E-3
1.428000E-7	-2.812655E-3
1.429000E-7	-2.781821E-3
1.430000E-7	-2.680757E-3
1.431000E-7	-2.542008E-3
1.432000E-7	-2.425528E-3
1.433000E-7	-2.341593E-3
1.434000E-7	-2.307334E-3
1.435000E-7	-2.341593E-3
1.436000E-7	-2.437519E-3
1.437000E-7	-2.552286E-3
1.438000E-7	-2.672193E-3
1.439000E-7	-2.790386E-3
1.440000E-7	-2.833210E-3
1.441000E-7	-2.764692E-3
1.442000E-7	-2.620804E-3
1.443000E-7	-2.446083E-3
1.444000E-7	-2.314186E-3
1.445000E-7	-2.276501E-3
1.446000E-7	-2.377565E-3
1.447000E-7	-2.494046E-3
1.448000E-7	-2.605388E-3
1.449000E-7	-2.655063E-3
1.450000E-7	-2.617378E-3
1.451000E-7	-2.497472E-3
1.452000E-7	-2.386130E-3
1.453000E-7	-2.322751E-3
1.454000E-7	-2.398121E-3
1.455000E-7	-2.530018E-3
1.456000E-7	-2.709878E-3
1.457000E-7	-2.846914E-3
1.458000E-7	-2.915432E-3
1.459000E-7	-2.908580E-3
1.460000E-7	-2.860617E-3
1.461000E-7	-2.814368E-3
1.462000E-7	-2.773257E-3
1.463000E-7	-2.699600E-3
1.464000E-7	-2.607101E-3
1.465000E-7	-2.483768E-3
1.466000E-7	-2.406685E-3
1.467000E-7	-2.416963E-3
1.468000E-7	-2.500898E-3
1.469000E-7	-2.615665E-3
1.470000E-7	-2.704739E-3
1.471000E-7	-2.725294E-3
1.472000E-7	-2.665341E-3
1.473000E-7	-2.542008E-3
1.474000E-7	-2.432380E-3
1.475000E-7	-2.415250E-3
1.476000E-7	-2.439231E-3
1.477000E-7	-2.492333E-3
1.478000E-7	-2.542008E-3
1.479000E-7	-2.545434E-3
1.480000E-7	-2.512888E-3
1.481000E-7	-2.480342E-3
1.482000E-7	-2.413537E-3
1.483000E-7	-2.362149E-3
1.484000E-7	-2.408398E-3
1.485000E-7	-2.487194E-3
1.486000E-7	-2.589971E-3
1.487000E-7	-2.679044E-3
1.488000E-7	-2.725294E-3
1.489000E-7	-2.738998E-3
1.490000E-7	-2.701313E-3
1.491000E-7	-2.694461E-3
1.492000E-7	-2.696174E-3
1.493000E-7	-2.747562E-3
1.494000E-7	-2.798951E-3
1.495000E-7	-2.795525E-3
1.496000E-7	-2.740711E-3
1.497000E-7	-2.663628E-3
1.498000E-7	-2.548860E-3
1.499000E-7	-2.444370E-3
1.500000E-7	-2.403260E-3
1.501000E-7	-2.387843E-3
1.502000E-7	-2.399834E-3
1.503000E-7	-2.461500E-3
1.504000E-7	-2.480342E-3
1.505000E-7	-2.451222E-3
1.506000E-7	-2.377565E-3
1.507000E-7	-2.259372E-3
1.508000E-7	-2.132613E-3
1.509000E-7	-1.999003E-3
1.510000E-7	-1.942476E-3
1.511000E-7	-1.947615E-3
1.512000E-7	-2.052105E-3
1.513000E-7	-2.228539E-3
1.514000E-7	-2.413537E-3
1.515000E-7	-2.538583E-3
1.516000E-7	-2.542008E-3
1.517000E-7	-2.404972E-3
1.518000E-7	-2.189141E-3
1.519000E-7	-1.944189E-3
1.520000E-7	-1.783172E-3
1.521000E-7	-1.738635E-3
1.522000E-7	-1.795162E-3
1.523000E-7	-1.915069E-3
1.524000E-7	-2.064095E-3
1.525000E-7	-2.187428E-3
1.526000E-7	-2.255946E-3
1.527000E-7	-2.319325E-3
1.528000E-7	-2.345019E-3
1.529000E-7	-2.369001E-3
1.530000E-7	-2.367288E-3
1.531000E-7	-2.362149E-3
1.532000E-7	-2.338167E-3
1.533000E-7	-2.345019E-3
1.534000E-7	-2.375852E-3
1.535000E-7	-2.452935E-3
1.536000E-7	-2.533444E-3
1.537000E-7	-2.593397E-3
1.538000E-7	-2.584832E-3
1.539000E-7	-2.526592E-3
1.540000E-7	-2.451222E-3
1.541000E-7	-2.379278E-3
1.542000E-7	-2.346732E-3
1.543000E-7	-2.338167E-3
1.544000E-7	-2.365575E-3
1.545000E-7	-2.432380E-3
1.546000E-7	-2.492333E-3
1.547000E-7	-2.521453E-3
1.548000E-7	-2.545434E-3
1.549000E-7	-2.557425E-3
1.550000E-7	-2.577980E-3
1.551000E-7	-2.562564E-3
1.552000E-7	-2.488907E-3
1.553000E-7	-2.430667E-3
1.554000E-7	-2.363862E-3
1.555000E-7	-2.291918E-3
1.556000E-7	-2.242242E-3
1.557000E-7	-2.249094E-3
1.558000E-7	-2.297057E-3
1.559000E-7	-2.343306E-3
1.560000E-7	-2.389556E-3
1.561000E-7	-2.432380E-3
1.562000E-7	-2.473490E-3
1.563000E-7	-2.500898E-3
1.564000E-7	-2.499185E-3
1.565000E-7	-2.466639E-3
1.566000E-7	-2.411824E-3
1.567000E-7	-2.374139E-3
1.568000E-7	-2.358723E-3
1.569000E-7	-2.418676E-3
1.570000E-7	-2.506037E-3
1.571000E-7	-2.601962E-3
1.572000E-7	-2.709878E-3
1.573000E-7	-2.828071E-3
1.574000E-7	-2.913719E-3
1.575000E-7	-2.970246E-3
1.576000E-7	-2.983950E-3
1.577000E-7	-2.977098E-3
1.578000E-7	-2.930848E-3
1.579000E-7	-2.840062E-3
1.580000E-7	-2.713303E-3
1.581000E-7	-2.625943E-3
1.582000E-7	-2.528305E-3
1.583000E-7	-2.463213E-3
1.584000E-7	-2.406685E-3
1.585000E-7	-2.374139E-3
1.586000E-7	-2.363862E-3
1.587000E-7	-2.437519E-3
1.588000E-7	-2.504324E-3
1.589000E-7	-2.617378E-3
1.590000E-7	-2.708165E-3
1.591000E-7	-2.716729E-3
1.592000E-7	-2.660202E-3
1.593000E-7	-2.581406E-3
1.594000E-7	-2.454648E-3
1.595000E-7	-2.375852E-3
1.596000E-7	-2.321038E-3
1.597000E-7	-2.350158E-3
1.598000E-7	-2.444370E-3
1.599000E-7	-2.588258E-3
1.600000E-7	-2.735572E-3
1.601000E-7	-2.860617E-3
1.602000E-7	-2.896589E-3
1.603000E-7	-2.888024E-3
1.604000E-7	-2.848627E-3
1.605000E-7	-2.812655E-3
1.606000E-7	-2.841775E-3
1.607000E-7	-2.853765E-3
1.608000E-7	-2.874321E-3
1.609000E-7	-2.846914E-3
1.610000E-7	-2.768118E-3
1.611000E-7	-2.644785E-3
1.612000E-7	-2.519740E-3
1.613000E-7	-2.459787E-3
1.614000E-7	-2.447796E-3
1.615000E-7	-2.427241E-3
1.616000E-7	-2.420389E-3
1.617000E-7	-2.392982E-3
1.618000E-7	-2.375852E-3
1.619000E-7	-2.382704E-3
1.620000E-7	-2.464926E-3
1.621000E-7	-2.595110E-3
1.622000E-7	-2.737285E-3
1.623000E-7	-2.824645E-3
1.624000E-7	-2.834923E-3
1.625000E-7	-2.800664E-3
1.626000E-7	-2.752701E-3
1.627000E-7	-2.762979E-3
1.628000E-7	-2.805803E-3
1.629000E-7	-2.886311E-3
1.630000E-7	-2.970246E-3
1.631000E-7	-3.021634E-3
1.632000E-7	-2.990801E-3
1.633000E-7	-2.881173E-3
1.634000E-7	-2.668767E-3
1.635000E-7	-2.495759E-3
1.636000E-7	-2.353584E-3
1.637000E-7	-2.305621E-3
1.638000E-7	-2.329603E-3
1.639000E-7	-2.463213E-3
1.640000E-7	-2.624230E-3
1.641000E-7	-2.786960E-3
1.642000E-7	-2.877747E-3
1.643000E-7	-2.857191E-3
1.644000E-7	-2.740711E-3
1.645000E-7	-2.553999E-3
1.646000E-7	-2.369001E-3
1.647000E-7	-2.254233E-3
1.648000E-7	-2.235390E-3
1.649000E-7	-2.300483E-3
1.650000E-7	-2.425528E-3
1.651000E-7	-2.519740E-3
1.652000E-7	-2.555712E-3
1.653000E-7	-2.553999E-3
1.654000E-7	-2.483768E-3
1.655000E-7	-2.404972E-3
1.656000E-7	-2.358723E-3
1.657000E-7	-2.355297E-3
1.658000E-7	-2.439231E-3
1.659000E-7	-2.560851E-3
1.660000E-7	-2.672193E-3
1.661000E-7	-2.733859E-3
1.662000E-7	-2.761266E-3
1.663000E-7	-2.773257E-3
1.664000E-7	-2.780109E-3
1.665000E-7	-2.769831E-3
1.666000E-7	-2.711591E-3
1.667000E-7	-2.608814E-3
1.668000E-7	-2.514601E-3
1.669000E-7	-2.447796E-3
1.670000E-7	-2.427241E-3
1.671000E-7	-2.473490E-3
1.672000E-7	-2.543721E-3
1.673000E-7	-2.613952E-3
1.674000E-7	-2.692748E-3
1.675000E-7	-2.715016E-3
1.676000E-7	-2.762979E-3
1.677000E-7	-2.766405E-3
1.678000E-7	-2.761266E-3
1.679000E-7	-2.735572E-3
1.680000E-7	-2.692748E-3
1.681000E-7	-2.601962E-3
1.682000E-7	-2.531731E-3
1.683000E-7	-2.476916E-3
1.684000E-7	-2.492333E-3
1.685000E-7	-2.560851E-3
1.686000E-7	-2.641360E-3
1.687000E-7	-2.718442E-3
1.688000E-7	-2.759553E-3
1.689000E-7	-2.798951E-3
1.690000E-7	-2.831497E-3
1.691000E-7	-2.893163E-3
1.692000E-7	-2.934274E-3
1.693000E-7	-2.956542E-3
1.694000E-7	-2.946265E-3
1.695000E-7	-2.915432E-3
1.696000E-7	-2.829784E-3
1.697000E-7	-2.733859E-3
1.698000E-7	-2.661915E-3
1.699000E-7	-2.591684E-3
1.700000E-7	-2.550573E-3
1.701000E-7	-2.543721E-3
1.702000E-7	-2.559138E-3
1.703000E-7	-2.596823E-3
1.704000E-7	-2.653350E-3
1.705000E-7	-2.680757E-3
1.706000E-7	-2.692748E-3
1.707000E-7	-2.627656E-3
1.708000E-7	-2.523166E-3
1.709000E-7	-2.406685E-3
1.710000E-7	-2.345019E-3
1.711000E-7	-2.314186E-3
1.712000E-7	-2.363862E-3
1.713000E-7	-2.480342E-3
1.714000E-7	-2.668767E-3
1.715000E-7	-2.864043E-3
1.716000E-7	-3.019922E-3
1.717000E-7	-3.151819E-3
1.718000E-7	-3.208346E-3
1.719000E-7	-3.222050E-3
1.720000E-7	-3.208346E-3
1.721000E-7	-3.198068E-3
1.722000E-7	-3.186078E-3
1.723000E-7	-3.180939E-3
1.724000E-7	-3.139828E-3
1.725000E-7	-3.086727E-3
1.726000E-7	-3.021634E-3
1.727000E-7	-3.004505E-3
1.728000E-7	-3.004505E-3
1.729000E-7	-3.011357E-3
1.730000E-7	-2.994227E-3
1.731000E-7	-3.006218E-3
1.732000E-7	-3.001079E-3
1.733000E-7	-3.019922E-3
1.734000E-7	-3.045616E-3
1.735000E-7	-3.011357E-3
1.736000E-7	-2.965107E-3
1.737000E-7	-2.898302E-3
1.738000E-7	-2.798951E-3
1.739000E-7	-2.721868E-3
1.740000E-7	-2.706452E-3
1.741000E-7	-2.745850E-3
1.742000E-7	-2.816080E-3
1.743000E-7	-2.872608E-3
1.744000E-7	-2.877747E-3
1.745000E-7	-2.846914E-3
1.746000E-7	-2.802377E-3
1.747000E-7	-2.730433E-3
1.748000E-7	-2.637934E-3
1.749000E-7	-2.579693E-3
1.750000E-7	-2.540296E-3
1.751000E-7	-2.553999E-3
1.752000E-7	-2.610526E-3
1.753000E-7	-2.709878E-3
1.754000E-7	-2.805803E-3
1.755000E-7	-2.893163E-3
1.756000E-7	-2.937700E-3
1.757000E-7	-2.915432E-3
1.758000E-7	-2.816080E-3
1.759000E-7	-2.703026E-3
1.760000E-7	-2.629369E-3
1.761000E-7	-2.624230E-3
1.762000E-7	-2.663628E-3
1.763000E-7	-2.754414E-3
1.764000E-7	-2.828071E-3
1.765000E-7	-2.840062E-3
1.766000E-7	-2.759553E-3
1.767000E-7	-2.653350E-3
1.768000E-7	-2.550573E-3
1.769000E-7	-2.475203E-3
1.770000E-7	-2.458074E-3
1.771000E-7	-2.456361E-3
1.772000E-7	-2.480342E-3
1.773000E-7	-2.507749E-3
1.774000E-7	-2.519740E-3
1.775000E-7	-2.518027E-3
1.776000E-7	-2.514601E-3
1.777000E-7	-2.480342E-3
1.778000E-7	-2.483768E-3
1.779000E-7	-2.502611E-3
1.780000E-7	-2.581406E-3
1.781000E-7	-2.684183E-3
1.782000E-7	-2.769831E-3
1.783000E-7	-2.783534E-3
1.784000E-7	-2.696174E-3
1.785000E-7	-2.579693E-3
1.786000E-7	-2.446083E-3
1.787000E-7	-2.334742E-3
1.788000E-7	-2.267936E-3
1.789000E-7	-2.261085E-3
1.790000E-7	-2.297057E-3
1.791000E-7	-2.336454E-3
1.792000E-7	-2.360436E-3
1.793000E-7	-2.334742E-3
1.794000E-7	-2.271362E-3
1.795000E-7	-2.226826E-3
1.796000E-7	-2.213122E-3
1.797000E-7	-2.321038E-3
1.798000E-7	-2.504324E-3
1.799000E-7	-2.699600E-3
1.800000E-7	-2.821219E-3
1.801000E-7	-2.828071E-3
1.802000E-7	-2.759553E-3
1.803000E-7	-2.648211E-3
1.804000E-7	-2.557425E-3
1.805000E-7	-2.464926E-3
1.806000E-7	-2.398121E-3
1.807000E-7	-2.341593E-3
1.808000E-7	-2.327890E-3
1.809000E-7	-2.375852E-3
1.810000E-7	-2.495759E-3
1.811000E-7	-2.639647E-3
1.812000E-7	-2.780109E-3
1.813000E-7	-2.855478E-3
1.814000E-7	-2.858904E-3
1.815000E-7	-2.762979E-3
1.816000E-7	-2.663628E-3
1.817000E-7	-2.593397E-3
1.818000E-7	-2.583119E-3
1.819000E-7	-2.595110E-3
1.820000E-7	-2.581406E-3
1.821000E-7	-2.584832E-3
1.822000E-7	-2.649924E-3
1.823000E-7	-2.750988E-3
1.824000E-7	-2.865756E-3
1.825000E-7	-2.961681E-3
1.826000E-7	-2.977098E-3
1.827000E-7	-2.953116E-3
1.828000E-7	-2.855478E-3
1.829000E-7	-2.723581E-3
1.830000E-7	-2.667054E-3
1.831000E-7	-2.646498E-3
1.832000E-7	-2.713303E-3
1.833000E-7	-2.805803E-3
1.834000E-7	-2.881173E-3
1.835000E-7	-2.901728E-3
1.836000E-7	-2.857191E-3
1.837000E-7	-2.730433E-3
1.838000E-7	-2.607101E-3
1.839000E-7	-2.478629E-3
1.840000E-7	-2.396408E-3
1.841000E-7	-2.333029E-3
1.842000E-7	-2.314186E-3
1.843000E-7	-2.329603E-3
1.844000E-7	-2.446083E-3
1.845000E-7	-2.641360E-3
1.846000E-7	-2.838349E-3
1.847000E-7	-2.999366E-3
1.848000E-7	-3.052468E-3
1.849000E-7	-3.004505E-3
1.850000E-7	-2.903441E-3
1.851000E-7	-2.855478E-3
1.852000E-7	-2.807516E-3
1.853000E-7	-2.804090E-3
1.854000E-7	-2.800664E-3
1.855000E-7	-2.759553E-3
1.856000E-7	-2.655063E-3
1.857000E-7	-2.548860E-3
1.858000E-7	-2.512888E-3
1.859000E-7	-2.564277E-3
1.860000E-7	-2.697887E-3
1.861000E-7	-2.834923E-3
1.862000E-7	-2.913719E-3
1.863000E-7	-2.860617E-3
1.864000E-7	-2.774970E-3
1.865000E-7	-2.644785E-3
1.866000E-7	-2.588258E-3
1.867000E-7	-2.589971E-3
1.868000E-7	-2.649924E-3
1.869000E-7	-2.728720E-3
1.870000E-7	-2.798951E-3
1.871000E-7	-2.850339E-3
1.872000E-7	-2.877747E-3
1.873000E-7	-2.910293E-3
1.874000E-7	-2.918857E-3
1.875000E-7	-2.918857E-3
1.876000E-7	-2.906867E-3
1.877000E-7	-2.901728E-3
1.878000E-7	-2.906867E-3
1.879000E-7	-2.891450E-3
1.880000E-7	-2.930848E-3
1.881000E-7	-3.023347E-3
1.882000E-7	-3.138115E-3
1.883000E-7	-3.215198E-3
1.884000E-7	-3.191217E-3
1.885000E-7	-3.095291E-3
1.886000E-7	-2.927422E-3
1.887000E-7	-2.761266E-3
1.888000E-7	-2.670480E-3
1.889000E-7	-2.656776E-3
1.890000E-7	-2.740711E-3
1.891000E-7	-2.804090E-3
1.892000E-7	-2.845201E-3
1.893000E-7	-2.821219E-3
1.894000E-7	-2.728720E-3
1.895000E-7	-2.637934E-3
1.896000E-7	-2.598536E-3
1.897000E-7	-2.631082E-3
1.898000E-7	-2.697887E-3
1.899000E-7	-2.771544E-3
1.900000E-7	-2.836636E-3
1.901000E-7	-2.860617E-3
1.902000E-7	-2.858904E-3
1.903000E-7	-2.858904E-3
1.904000E-7	-2.848627E-3
1.905000E-7	-2.824645E-3
1.906000E-7	-2.788673E-3
1.907000E-7	-2.684183E-3
1.908000E-7	-2.572842E-3
1.909000E-7	-2.454648E-3
1.910000E-7	-2.392982E-3
1.911000E-7	-2.377565E-3
1.912000E-7	-2.478629E-3
1.913000E-7	-2.648211E-3
1.914000E-7	-2.798951E-3
1.915000E-7	-2.896589E-3
1.916000E-7	-2.913719E-3
1.917000E-7	-2.900015E-3
1.918000E-7	-2.853765E-3
1.919000E-7	-2.831497E-3
1.920000E-7	-2.817793E-3
1.921000E-7	-2.817793E-3
1.922000E-7	-2.821219E-3
1.923000E-7	-2.783534E-3
1.924000E-7	-2.738998E-3
1.925000E-7	-2.720155E-3
1.926000E-7	-2.749275E-3
1.927000E-7	-2.793812E-3
1.928000E-7	-2.886311E-3
1.929000E-7	-3.043903E-3
1.930000E-7	-3.191217E-3
1.931000E-7	-3.266586E-3
1.932000E-7	-3.259735E-3
1.933000E-7	-3.148393E-3
1.934000E-7	-3.007931E-3
1.935000E-7	-2.860617E-3
1.936000E-7	-2.737285E-3
1.937000E-7	-2.679044E-3
1.938000E-7	-2.670480E-3
1.939000E-7	-2.684183E-3
1.940000E-7	-2.718442E-3
1.941000E-7	-2.735572E-3
1.942000E-7	-2.756127E-3
1.943000E-7	-2.733859E-3
1.944000E-7	-2.721868E-3
1.945000E-7	-2.689322E-3
1.946000E-7	-2.658489E-3
1.947000E-7	-2.682470E-3
1.948000E-7	-2.750988E-3
1.949000E-7	-2.848627E-3
1.950000E-7	-2.946265E-3
1.951000E-7	-3.004505E-3
1.952000E-7	-3.052468E-3
1.953000E-7	-3.028486E-3
1.954000E-7	-2.930848E-3
1.955000E-7	-2.816080E-3
1.956000E-7	-2.706452E-3
1.957000E-7	-2.583119E-3
1.958000E-7	-2.466639E-3
1.959000E-7	-2.422102E-3
1.960000E-7	-2.440944E-3
1.961000E-7	-2.506037E-3
1.962000E-7	-2.605388E-3
1.963000E-7	-2.661915E-3
1.964000E-7	-2.677332E-3
1.965000E-7	-2.596823E-3
1.966000E-7	-2.458074E-3
1.967000E-7	-2.291918E-3
1.968000E-7	-2.170298E-3
1.969000E-7	-2.151456E-3
1.970000E-7	-2.226826E-3
1.971000E-7	-2.399834E-3
1.972000E-7	-2.576267E-3
1.973000E-7	-2.699600E-3
1.974000E-7	-2.762979E-3
1.975000E-7	-2.740711E-3
1.976000E-7	-2.697887E-3
1.977000E-7	-2.697887E-3
1.978000E-7	-2.766405E-3
1.979000E-7	-2.876034E-3
1.980000E-7	-2.937700E-3
1.981000E-7	-2.901728E-3
1.982000E-7	-2.773257E-3
1.983000E-7	-2.624230E-3
1.984000E-7	-2.507749E-3
1.985000E-7	-2.416963E-3
1.986000E-7	-2.377565E-3
1.987000E-7	-2.343306E-3
1.988000E-7	-2.338167E-3
1.989000E-7	-2.322751E-3
1.990000E-7	-2.341593E-3
1.991000E-7	-2.401547E-3
1.992000E-7	-2.524879E-3
1.993000E-7	-2.667054E-3
1.994000E-7	-2.752701E-3
1.995000E-7	-2.706452E-3
1.996000E-7	-2.538583E-3
1.997000E-7	-2.264511E-3
1.998000E-7	-2.026411E-3
1.999000E-7	-1.861967E-3
2.000000E-7	-1.863680E-3
2.001000E-7	-2.012707E-3
