Study Name	Tungsten_Calibration
Sample Name	2025-04-28
Run Name	spot01
Operator	Angus
Date	4/28/2025
Time	6:20 PM
Sign	POS
Grating Spacing	04.00um
Channel	3
Number Traces	10000
Files in Batch	1
Batch Number	1
dt	100.000001E-12
time stamp (ms)	6:21:14 PM
	
Time	Amplitude
0.000000E+0	-3.905517E-3
1.000000E-10	-3.871258E-3
2.000000E-10	-3.864406E-3
3.000000E-10	-3.891813E-3
4.000000E-10	-3.955192E-3
5.000000E-10	-3.999729E-3
6.000000E-10	-4.032275E-3
7.000000E-10	-3.975748E-3
8.000000E-10	-3.872971E-3
9.000000E-10	-3.715379E-3
1.000000E-9	-3.564640E-3
1.100000E-9	-3.472140E-3
1.200000E-9	-3.467001E-3
1.300000E-9	-3.521816E-3
1.400000E-9	-3.609176E-3
1.500000E-9	-3.682833E-3
1.600000E-9	-3.715379E-3
1.700000E-9	-3.708527E-3
1.800000E-9	-3.686259E-3
1.900000E-9	-3.681120E-3
2.000000E-9	-3.730796E-3
2.100000E-9	-3.854128E-3
2.200000E-9	-3.953479E-3
2.300000E-9	-4.057969E-3
2.400000E-9	-4.090515E-3
2.500000E-9	-4.080238E-3
2.600000E-9	-4.011720E-3
2.700000E-9	-3.917507E-3
2.800000E-9	-3.821582E-3
2.900000E-9	-3.727370E-3
3.000000E-9	-3.675981E-3
3.100000E-9	-3.669130E-3
3.200000E-9	-3.708527E-3
3.300000E-9	-3.766768E-3
3.400000E-9	-3.850702E-3
3.500000E-9	-3.908943E-3
3.600000E-9	-3.951766E-3
3.700000E-9	-4.004868E-3
3.800000E-9	-4.049405E-3
3.900000E-9	-4.076812E-3
4.000000E-9	-4.124774E-3
4.100000E-9	-4.153894E-3
4.200000E-9	-4.128200E-3
4.300000E-9	-4.039127E-3
4.400000E-9	-3.900378E-3
4.500000E-9	-3.730796E-3
4.600000E-9	-3.616028E-3
4.700000E-9	-3.602325E-3
4.800000E-9	-3.657139E-3
4.900000E-9	-3.773620E-3
5.000000E-9	-3.920933E-3
5.100000E-9	-4.039127E-3
5.200000E-9	-4.085376E-3
5.300000E-9	-4.052830E-3
5.400000E-9	-3.991164E-3
5.500000E-9	-3.934637E-3
5.600000E-9	-3.907230E-3
5.700000E-9	-3.924359E-3
5.800000E-9	-3.931211E-3
5.900000E-9	-3.874684E-3
6.000000E-9	-3.747925E-3
6.100000E-9	-3.568066E-3
6.200000E-9	-3.463576E-3
6.300000E-9	-3.446446E-3
6.400000E-9	-3.530381E-3
6.500000E-9	-3.708527E-3
6.600000E-9	-3.883248E-3
6.700000E-9	-4.008294E-3
6.800000E-9	-4.045979E-3
6.900000E-9	-4.030562E-3
7.000000E-9	-3.989451E-3
7.100000E-9	-3.977461E-3
7.200000E-9	-3.948340E-3
7.300000E-9	-3.883248E-3
7.400000E-9	-3.782184E-3
7.500000E-9	-3.662278E-3
7.600000E-9	-3.559501E-3
7.700000E-9	-3.455011E-3
7.800000E-9	-3.405335E-3
7.900000E-9	-3.383067E-3
8.000000E-9	-3.458437E-3
8.100000E-9	-3.607463E-3
8.200000E-9	-3.795888E-3
8.300000E-9	-3.991164E-3
8.400000E-9	-4.162459E-3
8.500000E-9	-4.225838E-3
8.600000E-9	-4.183015E-3
8.700000E-9	-4.027136E-3
8.800000E-9	-3.891813E-3
8.900000E-9	-3.828434E-3
9.000000E-9	-3.886674E-3
9.100000E-9	-3.999729E-3
9.200000E-9	-4.126487E-3
9.300000E-9	-4.179589E-3
9.400000E-9	-4.140191E-3
9.500000E-9	-4.013433E-3
9.600000E-9	-3.821582E-3
9.700000E-9	-3.622880E-3
9.800000E-9	-3.465289E-3
9.900000E-9	-3.410474E-3
1.000000E-8	-3.453298E-3
1.010000E-8	-3.547510E-3
1.020000E-8	-3.657139E-3
1.030000E-8	-3.741074E-3
1.040000E-8	-3.828434E-3
1.050000E-8	-3.926072E-3
1.060000E-8	-4.025423E-3
1.070000E-8	-4.109358E-3
1.080000E-8	-4.121348E-3
1.090000E-8	-4.054543E-3
1.100000E-8	-3.926072E-3
1.110000E-8	-3.775333E-3
1.120000E-8	-3.626306E-3
1.130000E-8	-3.562927E-3
1.140000E-8	-3.593760E-3
1.150000E-8	-3.737648E-3
1.160000E-8	-3.898665E-3
1.170000E-8	-4.054543E-3
1.180000E-8	-4.165885E-3
1.190000E-8	-4.261810E-3
1.200000E-8	-4.251533E-3
1.210000E-8	-4.213848E-3
1.220000E-8	-4.152182E-3
1.230000E-8	-4.069960E-3
1.240000E-8	-3.979174E-3
1.250000E-8	-3.888387E-3
1.260000E-8	-3.809592E-3
1.270000E-8	-3.711953E-3
1.280000E-8	-3.648574E-3
1.290000E-8	-3.573204E-3
1.300000E-8	-3.511538E-3
1.310000E-8	-3.470427E-3
1.320000E-8	-3.472140E-3
1.330000E-8	-3.518390E-3
1.340000E-8	-3.556075E-3
1.350000E-8	-3.634871E-3
1.360000E-8	-3.759916E-3
1.370000E-8	-3.888387E-3
1.380000E-8	-3.984312E-3
1.390000E-8	-3.972322E-3
1.400000E-8	-3.920933E-3
1.410000E-8	-3.835286E-3
1.420000E-8	-3.759916E-3
1.430000E-8	-3.696537E-3
1.440000E-8	-3.641722E-3
1.450000E-8	-3.624593E-3
1.460000E-8	-3.621167E-3
1.470000E-8	-3.624593E-3
1.480000E-8	-3.648574E-3
1.490000E-8	-3.686259E-3
1.500000E-8	-3.739361E-3
1.510000E-8	-3.804453E-3
1.520000E-8	-3.876397E-3
1.530000E-8	-3.944915E-3
1.540000E-8	-4.023710E-3
1.550000E-8	-4.035701E-3
1.560000E-8	-3.996303E-3
1.570000E-8	-3.917507E-3
1.580000E-8	-3.794175E-3
1.590000E-8	-3.711953E-3
1.600000E-8	-3.675981E-3
1.610000E-8	-3.679407E-3
1.620000E-8	-3.710240E-3
1.630000E-8	-3.751351E-3
1.640000E-8	-3.763342E-3
1.650000E-8	-3.747925E-3
1.660000E-8	-3.689685E-3
1.670000E-8	-3.641722E-3
1.680000E-8	-3.595473E-3
1.690000E-8	-3.585195E-3
1.700000E-8	-3.588621E-3
1.710000E-8	-3.643435E-3
1.720000E-8	-3.708527E-3
1.730000E-8	-3.807879E-3
1.740000E-8	-3.936350E-3
1.750000E-8	-4.025423E-3
1.760000E-8	-4.057969E-3
1.770000E-8	-4.042553E-3
1.780000E-8	-3.979174E-3
1.790000E-8	-3.893526E-3
1.800000E-8	-3.806166E-3
1.810000E-8	-3.730796E-3
1.820000E-8	-3.640009E-3
1.830000E-8	-3.523529E-3
1.840000E-8	-3.398483E-3
1.850000E-8	-3.273438E-3
1.860000E-8	-3.216911E-3
1.870000E-8	-3.249457E-3
1.880000E-8	-3.393345E-3
1.890000E-8	-3.573204E-3
1.900000E-8	-3.747925E-3
1.910000E-8	-3.850702E-3
1.920000E-8	-3.835286E-3
1.930000E-8	-3.696537E-3
1.940000E-8	-3.499548E-3
1.950000E-8	-3.335104E-3
1.960000E-8	-3.275151E-3
1.970000E-8	-3.383067E-3
1.980000E-8	-3.592047E-3
1.990000E-8	-3.862693E-3
2.000000E-8	-4.093941E-3
2.010000E-8	-4.249820E-3
2.020000E-8	-4.280653E-3
2.030000E-8	-4.169311E-3
2.040000E-8	-3.984312E-3
2.050000E-8	-3.789036E-3
2.060000E-8	-3.645148E-3
2.070000E-8	-3.588621E-3
2.080000E-8	-3.641722E-3
2.090000E-8	-3.727370E-3
2.100000E-8	-3.825008E-3
2.110000E-8	-3.828434E-3
2.120000E-8	-3.777045E-3
2.130000E-8	-3.672556E-3
2.140000E-8	-3.547510E-3
2.150000E-8	-3.456724E-3
2.160000E-8	-3.429317E-3
2.170000E-8	-3.449872E-3
2.180000E-8	-3.499548E-3
2.190000E-8	-3.514964E-3
2.200000E-8	-3.490983E-3
2.210000E-8	-3.443020E-3
2.220000E-8	-3.431030E-3
2.230000E-8	-3.487557E-3
2.240000E-8	-3.660565E-3
2.250000E-8	-3.866119E-3
2.260000E-8	-4.064821E-3
2.270000E-8	-4.174450E-3
2.280000E-8	-4.176163E-3
2.290000E-8	-4.030562E-3
2.300000E-8	-3.783897E-3
2.310000E-8	-3.463576E-3
2.320000E-8	-3.184365E-3
2.330000E-8	-3.025060E-3
2.340000E-8	-2.971959E-3
2.350000E-8	-3.016496E-3
2.360000E-8	-3.120986E-3
2.370000E-8	-3.242605E-3
2.380000E-8	-3.328253E-3
2.390000E-8	-3.393345E-3
2.400000E-8	-3.427604E-3
2.410000E-8	-3.439594E-3
2.420000E-8	-3.383067E-3
2.430000E-8	-3.239179E-3
2.440000E-8	-2.947978E-3
2.450000E-8	-2.428954E-3
2.460000E-8	-1.599886E-3
2.470000E-8	-3.717008E-4
2.480000E-8	1.250463E-3
2.490000E-8	3.242624E-3
2.500000E-8	5.549968E-3
2.510000E-8	8.076569E-3
2.520000E-8	1.055692E-2
2.530000E-8	1.268612E-2
2.540000E-8	1.416439E-2
2.550000E-8	1.481874E-2
2.560000E-8	1.444018E-2
2.570000E-8	1.302871E-2
2.580000E-8	1.087210E-2
2.590000E-8	8.374622E-3
2.600000E-8	5.906261E-3
2.610000E-8	3.896971E-3
2.620000E-8	2.591703E-3
2.630000E-8	2.117216E-3
2.640000E-8	2.437537E-3
2.650000E-8	3.431048E-3
2.660000E-8	4.830529E-3
2.670000E-8	6.327647E-3
2.680000E-8	7.639767E-3
2.690000E-8	8.552769E-3
2.700000E-8	8.859387E-3
2.710000E-8	8.444853E-3
2.720000E-8	7.340000E-3
2.730000E-8	5.654458E-3
2.740000E-8	3.677713E-3
2.750000E-8	1.680413E-3
2.760000E-8	-3.424959E-5
2.770000E-8	-1.152806E-3
2.780000E-8	-1.507387E-3
2.790000E-8	-1.115121E-3
2.800000E-8	-1.301748E-4
2.810000E-8	1.181945E-3
2.820000E-8	2.649943E-3
2.830000E-8	3.948359E-3
2.840000E-8	4.911037E-3
2.850000E-8	5.363256E-3
2.860000E-8	5.205665E-3
2.870000E-8	4.427985E-3
2.880000E-8	3.076468E-3
2.890000E-8	1.310416E-3
2.900000E-8	-6.149397E-4
2.910000E-8	-2.363862E-3
2.920000E-8	-3.643435E-3
2.930000E-8	-4.208709E-3
2.940000E-8	-3.986025E-3
2.950000E-8	-2.990801E-3
2.960000E-8	-1.457711E-3
2.970000E-8	3.186181E-4
2.980000E-8	1.992170E-3
2.990000E-8	3.256327E-3
3.000000E-8	3.891832E-3
3.010000E-8	3.807897E-3
3.020000E-8	2.959987E-3
3.030000E-8	1.509118E-3
3.040000E-8	-3.597101E-4
3.050000E-8	-2.339880E-3
3.060000E-8	-4.099080E-3
3.070000E-8	-5.315275E-3
3.080000E-8	-5.774345E-3
3.090000E-8	-5.399209E-3
3.100000E-8	-4.314912E-3
3.110000E-8	-2.766405E-3
3.120000E-8	-1.019196E-3
3.130000E-8	5.738477E-4
3.140000E-8	1.748931E-3
3.150000E-8	2.321057E-3
3.160000E-8	2.206289E-3
3.170000E-8	1.378934E-3
3.180000E-8	4.625906E-5
3.190000E-8	-1.649561E-3
3.200000E-8	-3.360799E-3
3.210000E-8	-4.856204E-3
3.220000E-8	-5.911381E-3
3.230000E-8	-6.389294E-3
3.240000E-8	-6.202583E-3
3.250000E-8	-5.376941E-3
3.260000E-8	-4.018571E-3
3.270000E-8	-2.315899E-3
3.280000E-8	-6.320692E-4
3.290000E-8	7.502815E-4
3.300000E-8	1.505693E-3
3.310000E-8	1.522822E-3
3.320000E-8	7.588463E-4
3.330000E-8	-6.646152E-4
3.340000E-8	-2.526592E-3
3.350000E-8	-4.484494E-3
3.360000E-8	-6.139204E-3
3.370000E-8	-7.218362E-3
3.380000E-8	-7.552387E-3
3.390000E-8	-7.115585E-3
3.400000E-8	-5.988464E-3
3.410000E-8	-4.439957E-3
3.420000E-8	-2.761266E-3
3.430000E-8	-1.216185E-3
3.440000E-8	-7.707335E-5
3.450000E-8	4.813484E-4
3.460000E-8	3.957009E-4
3.470000E-8	-3.836914E-4
3.480000E-8	-1.687246E-3
3.490000E-8	-3.309410E-3
3.500000E-8	-4.979536E-3
3.510000E-8	-6.466377E-3
3.520000E-8	-7.509564E-3
3.530000E-8	-7.918959E-3
3.540000E-8	-7.627757E-3
3.550000E-8	-6.627394E-3
3.560000E-8	-5.147405E-3
3.570000E-8	-3.448159E-3
3.580000E-8	-1.820856E-3
3.590000E-8	-5.875325E-4
3.600000E-8	1.713891E-5
3.610000E-8	-1.164712E-4
3.620000E-8	-9.095671E-4
3.630000E-8	-2.218261E-3
3.640000E-8	-3.831860E-3
3.650000E-8	-5.493421E-3
3.660000E-8	-6.937438E-3
3.670000E-8	-7.922385E-3
3.680000E-8	-8.290669E-3
3.690000E-8	-7.960069E-3
3.700000E-8	-7.029938E-3
3.710000E-8	-5.594485E-3
3.720000E-8	-3.931211E-3
3.730000E-8	-2.370713E-3
3.740000E-8	-1.212759E-3
3.750000E-8	-6.731800E-4
3.760000E-8	-8.616045E-4
3.770000E-8	-1.760903E-3
3.780000E-8	-3.143254E-3
3.790000E-8	-4.760279E-3
3.800000E-8	-6.305360E-3
3.810000E-8	-7.571230E-3
3.820000E-8	-8.348909E-3
3.830000E-8	-8.563028E-3
3.840000E-8	-8.179327E-3
3.850000E-8	-7.276602E-3
3.860000E-8	-5.981612E-3
3.870000E-8	-4.517040E-3
3.880000E-8	-3.162096E-3
3.890000E-8	-2.137752E-3
3.900000E-8	-1.617015E-3
3.910000E-8	-1.678682E-3
3.920000E-8	-2.353584E-3
3.930000E-8	-3.506399E-3
3.940000E-8	-4.916157E-3
3.950000E-8	-6.324202E-3
3.960000E-8	-7.540397E-3
3.970000E-8	-8.335206E-3
3.980000E-8	-8.605852E-3
3.990000E-8	-8.331780E-3
4.000000E-8	-7.521554E-3
4.010000E-8	-6.296795E-3
4.020000E-8	-4.851065E-3
4.030000E-8	-3.424178E-3
4.040000E-8	-2.264511E-3
4.050000E-8	-1.610164E-3
4.060000E-8	-1.587895E-3
4.070000E-8	-2.206270E-3
4.080000E-8	-3.371076E-3
4.090000E-8	-4.878472E-3
4.100000E-8	-6.488645E-3
4.110000E-8	-7.912107E-3
4.120000E-8	-8.963858E-3
4.130000E-8	-9.467466E-3
4.140000E-8	-9.285893E-3
4.150000E-8	-8.436270E-3
4.160000E-8	-7.120724E-3
4.170000E-8	-5.508838E-3
4.180000E-8	-3.977461E-3
4.190000E-8	-2.838349E-3
4.200000E-8	-2.285066E-3
4.210000E-8	-2.428954E-3
4.220000E-8	-3.204920E-3
4.230000E-8	-4.445096E-3
4.240000E-8	-5.961057E-3
4.250000E-8	-7.456462E-3
4.260000E-8	-8.670944E-3
4.270000E-8	-9.400660E-3
4.280000E-8	-9.544548E-3
4.290000E-8	-9.100894E-3
4.300000E-8	-8.181040E-3
4.310000E-8	-6.947716E-3
4.320000E-8	-5.580782E-3
4.330000E-8	-4.308060E-3
4.340000E-8	-3.333391E-3
4.350000E-8	-2.834923E-3
4.360000E-8	-2.925709E-3
4.370000E-8	-3.571491E-3
4.380000E-8	-4.659215E-3
4.390000E-8	-5.974760E-3
4.400000E-8	-7.298871E-3
4.410000E-8	-8.419140E-3
4.420000E-8	-9.179690E-3
4.430000E-8	-9.493160E-3
4.440000E-8	-9.297883E-3
4.450000E-8	-8.537334E-3
4.460000E-8	-7.334843E-3
4.470000E-8	-5.859993E-3
4.480000E-8	-4.409124E-3
4.490000E-8	-3.204920E-3
4.500000E-8	-2.512888E-3
4.510000E-8	-2.483768E-3
4.520000E-8	-3.150106E-3
4.530000E-8	-4.361161E-3
4.540000E-8	-5.818882E-3
4.550000E-8	-7.247482E-3
4.560000E-8	-8.419140E-3
4.570000E-8	-9.131727E-3
4.580000E-8	-9.277328E-3
4.590000E-8	-8.886775E-3
4.600000E-8	-8.073124E-3
4.610000E-8	-6.980262E-3
4.620000E-8	-5.758929E-3
4.630000E-8	-4.630095E-3
4.640000E-8	-3.780471E-3
4.650000E-8	-3.326540E-3
4.660000E-8	-3.400196E-3
4.670000E-8	-3.989451E-3
4.680000E-8	-5.027499E-3
4.690000E-8	-6.300221E-3
4.700000E-8	-7.572943E-3
4.710000E-8	-8.581870E-3
4.720000E-8	-9.189968E-3
4.730000E-8	-9.294458E-3
4.740000E-8	-8.926173E-3
4.750000E-8	-8.167336E-3
4.760000E-8	-7.165261E-3
4.770000E-8	-6.080963E-3
4.780000E-8	-5.114859E-3
4.790000E-8	-4.364587E-3
4.800000E-8	-3.922646E-3
4.810000E-8	-3.881535E-3
4.820000E-8	-4.284079E-3
4.830000E-8	-5.090878E-3
4.840000E-8	-6.173463E-3
4.850000E-8	-7.363963E-3
4.860000E-8	-8.468816E-3
4.870000E-8	-9.220801E-3
4.880000E-8	-9.465753E-3
4.890000E-8	-9.126588E-3
4.900000E-8	-8.304372E-3
4.910000E-8	-7.194381E-3
4.920000E-8	-6.077537E-3
4.930000E-8	-5.068610E-3
4.940000E-8	-4.381717E-3
4.950000E-8	-4.112784E-3
4.960000E-8	-4.258384E-3
4.970000E-8	-4.765418E-3
4.980000E-8	-5.531106E-3
4.990000E-8	-6.474942E-3
5.000000E-8	-7.477018E-3
5.010000E-8	-8.381455E-3
5.020000E-8	-9.025524E-3
5.030000E-8	-9.246495E-3
5.040000E-8	-8.960432E-3
5.050000E-8	-8.206734E-3
5.060000E-8	-7.146418E-3
5.070000E-8	-5.962770E-3
5.080000E-8	-4.929861E-3
5.090000E-8	-4.260097E-3
5.100000E-8	-4.015146E-3
5.110000E-8	-4.212135E-3
5.120000E-8	-4.750001E-3
5.130000E-8	-5.524255E-3
5.140000E-8	-6.430405E-3
5.150000E-8	-7.382805E-3
5.160000E-8	-8.247845E-3
5.170000E-8	-8.850804E-3
5.180000E-8	-9.094042E-3
5.190000E-8	-8.900479E-3
5.200000E-8	-8.300947E-3
5.210000E-8	-7.379379E-3
5.220000E-8	-6.259110E-3
5.230000E-8	-5.149118E-3
5.240000E-8	-4.237829E-3
5.250000E-8	-3.717092E-3
5.260000E-8	-3.701676E-3
5.270000E-8	-4.179589E-3
5.280000E-8	-5.085739E-3
5.290000E-8	-6.192305E-3
5.300000E-8	-7.319426E-3
5.310000E-8	-8.227290E-3
5.320000E-8	-8.794276E-3
5.330000E-8	-8.893627E-3
5.340000E-8	-8.568167E-3
5.350000E-8	-7.877848E-3
5.360000E-8	-6.944290E-3
5.370000E-8	-5.945640E-3
5.380000E-8	-5.029212E-3
5.390000E-8	-4.361161E-3
5.400000E-8	-4.027136E-3
5.410000E-8	-4.107645E-3
5.420000E-8	-4.624956E-3
5.430000E-8	-5.454024E-3
5.440000E-8	-6.478368E-3
5.450000E-8	-7.536971E-3
5.460000E-8	-8.456825E-3
5.470000E-8	-9.061496E-3
5.480000E-8	-9.227653E-3
5.490000E-8	-8.917609E-3
5.500000E-8	-8.162198E-3
5.510000E-8	-7.134428E-3
5.520000E-8	-6.002168E-3
5.530000E-8	-5.008657E-3
5.540000E-8	-4.316625E-3
5.550000E-8	-4.087089E-3
5.560000E-8	-4.265236E-3
5.570000E-8	-4.827084E-3
5.580000E-8	-5.639022E-3
5.590000E-8	-6.574293E-3
5.600000E-8	-7.483869E-3
5.610000E-8	-8.242706E-3
5.620000E-8	-8.729184E-3
5.630000E-8	-8.833674E-3
5.640000E-8	-8.547611E-3
5.650000E-8	-7.882987E-3
5.660000E-8	-6.990540E-3
5.670000E-8	-6.019297E-3
5.680000E-8	-5.166248E-3
5.690000E-8	-4.616391E-3
5.700000E-8	-4.462225E-3
5.710000E-8	-4.630095E-3
5.720000E-8	-5.106295E-3
5.730000E-8	-5.758929E-3
5.740000E-8	-6.471516E-3
5.750000E-8	-7.146418E-3
5.760000E-8	-7.709979E-3
5.770000E-8	-8.071411E-3
5.780000E-8	-8.187892E-3
5.790000E-8	-8.032013E-3
5.800000E-8	-7.586646E-3
5.810000E-8	-6.930587E-3
5.820000E-8	-6.147768E-3
5.830000E-8	-5.387219E-3
5.840000E-8	-4.811667E-3
5.850000E-8	-4.553012E-3
5.860000E-8	-4.636946E-3
5.870000E-8	-5.066897E-3
5.880000E-8	-5.760642E-3
5.890000E-8	-6.601700E-3
5.900000E-8	-7.459888E-3
5.910000E-8	-8.196457E-3
5.920000E-8	-8.665805E-3
5.930000E-8	-8.849091E-3
5.940000E-8	-8.698351E-3
5.950000E-8	-8.249558E-3
5.960000E-8	-7.571230E-3
5.970000E-8	-6.788412E-3
5.980000E-8	-5.988464E-3
5.990000E-8	-5.349534E-3
6.000000E-8	-4.998379E-3
6.010000E-8	-5.041203E-3
6.020000E-8	-5.445459E-3
6.030000E-8	-6.151194E-3
6.040000E-8	-7.038502E-3
6.050000E-8	-7.912107E-3
6.060000E-8	-8.602426E-3
6.070000E-8	-8.984414E-3
6.080000E-8	-8.996404E-3
6.090000E-8	-8.657240E-3
6.100000E-8	-8.014884E-3
6.110000E-8	-7.271464E-3
6.120000E-8	-6.540034E-3
6.130000E-8	-5.909668E-3
6.140000E-8	-5.505412E-3
6.150000E-8	-5.339256E-3
6.160000E-8	-5.457449E-3
6.170000E-8	-5.829160E-3
6.180000E-8	-6.420127E-3
6.190000E-8	-7.110446E-3
6.200000E-8	-7.836737E-3
6.210000E-8	-8.444834E-3
6.220000E-8	-8.845665E-3
6.230000E-8	-8.955293E-3
6.240000E-8	-8.737749E-3
6.250000E-8	-8.247845E-3
6.260000E-8	-7.542110E-3
6.270000E-8	-6.759291E-3
6.280000E-8	-6.050130E-3
6.290000E-8	-5.560226E-3
6.300000E-8	-5.375228E-3
6.310000E-8	-5.577356E-3
6.320000E-8	-6.106658E-3
6.330000E-8	-6.865494E-3
6.340000E-8	-7.643174E-3
6.350000E-8	-8.326641E-3
6.360000E-8	-8.799415E-3
6.370000E-8	-9.001543E-3
6.380000E-8	-8.939877E-3
6.390000E-8	-8.650388E-3
6.400000E-8	-8.170762E-3
6.410000E-8	-7.524980E-3
6.420000E-8	-6.803828E-3
6.430000E-8	-6.115222E-3
6.440000E-8	-5.654439E-3
6.450000E-8	-5.513977E-3
6.460000E-8	-5.695550E-3
6.470000E-8	-6.164898E-3
6.480000E-8	-6.810680E-3
6.490000E-8	-7.465027E-3
6.500000E-8	-8.050856E-3
6.510000E-8	-8.477380E-3
6.520000E-8	-8.693212E-3
6.530000E-8	-8.679509E-3
6.540000E-8	-8.448260E-3
6.550000E-8	-8.016597E-3
6.560000E-8	-7.461601E-3
6.570000E-8	-6.880911E-3
6.580000E-8	-6.379017E-3
6.590000E-8	-6.031288E-3
6.600000E-8	-5.923372E-3
6.610000E-8	-6.103232E-3
6.620000E-8	-6.502349E-3
6.630000E-8	-7.071048E-3
6.640000E-8	-7.701414E-3
6.650000E-8	-8.276965E-3
6.660000E-8	-8.730897E-3
6.670000E-8	-8.926173E-3
6.680000E-8	-8.890201E-3
6.690000E-8	-8.645250E-3
6.700000E-8	-8.246132E-3
6.710000E-8	-7.768219E-3
6.720000E-8	-7.305723E-3
6.730000E-8	-6.889476E-3
6.740000E-8	-6.586284E-3
6.750000E-8	-6.466377E-3
6.760000E-8	-6.514340E-3
6.770000E-8	-6.761004E-3
6.780000E-8	-7.177251E-3
6.790000E-8	-7.643174E-3
6.800000E-8	-8.117661E-3
6.810000E-8	-8.527056E-3
6.820000E-8	-8.783998E-3
6.830000E-8	-8.804554E-3
6.840000E-8	-8.564741E-3
6.850000E-8	-8.131364E-3
6.860000E-8	-7.608915E-3
6.870000E-8	-7.081326E-3
6.880000E-8	-6.658227E-3
6.890000E-8	-6.428692E-3
6.900000E-8	-6.370452E-3
6.910000E-8	-6.500636E-3
6.920000E-8	-6.819245E-3
6.930000E-8	-7.271464E-3
6.940000E-8	-7.787062E-3
6.950000E-8	-8.342057E-3
6.960000E-8	-8.809693E-3
6.970000E-8	-9.118024E-3
6.980000E-8	-9.116311E-3
6.990000E-8	-8.799415E-3
7.000000E-8	-8.247845E-3
7.010000E-8	-7.574656E-3
7.020000E-8	-6.995679E-3
7.030000E-8	-6.677070E-3
7.040000E-8	-6.661653E-3
7.050000E-8	-6.930587E-3
7.060000E-8	-7.312574E-3
7.070000E-8	-7.739099E-3
7.080000E-8	-8.138216E-3
7.090000E-8	-8.480806E-3
7.100000E-8	-8.772008E-3
7.110000E-8	-8.979275E-3
7.120000E-8	-9.124876E-3
7.130000E-8	-9.147144E-3
7.140000E-8	-8.992978E-3
7.150000E-8	-8.631546E-3
7.160000E-8	-8.112522E-3
7.170000E-8	-7.569517E-3
7.180000E-8	-7.124150E-3
7.190000E-8	-6.867207E-3
7.200000E-8	-6.836374E-3
7.210000E-8	-7.038502E-3
7.220000E-8	-7.425629E-3
7.230000E-8	-7.941227E-3
7.240000E-8	-8.484232E-3
7.250000E-8	-8.941590E-3
7.260000E-8	-9.272189E-3
7.270000E-8	-9.431494E-3
7.280000E-8	-9.359550E-3
7.290000E-8	-9.063209E-3
7.300000E-8	-8.605852E-3
7.310000E-8	-8.079976E-3
7.320000E-8	-7.607202E-3
7.330000E-8	-7.225214E-3
7.340000E-8	-6.978549E-3
7.350000E-8	-6.930587E-3
7.360000E-8	-7.062484E-3
7.370000E-8	-7.369102E-3
7.380000E-8	-7.841876E-3
7.390000E-8	-8.371177E-3
7.400000E-8	-8.933025E-3
7.410000E-8	-9.362976E-3
7.420000E-8	-9.527419E-3
7.430000E-8	-9.421216E-3
7.440000E-8	-9.083765E-3
7.450000E-8	-8.590435E-3
7.460000E-8	-8.014884E-3
7.470000E-8	-7.516415E-3
7.480000E-8	-7.101882E-3
7.490000E-8	-6.868920E-3
7.500000E-8	-6.800402E-3
7.510000E-8	-6.918596E-3
7.520000E-8	-7.223501E-3
7.530000E-8	-7.653451E-3
7.540000E-8	-8.143355E-3
7.550000E-8	-8.640111E-3
7.560000E-8	-9.035802E-3
7.570000E-8	-9.267050E-3
7.580000E-8	-9.315013E-3
7.590000E-8	-9.095755E-3
7.600000E-8	-8.688073E-3
7.610000E-8	-8.141642E-3
7.620000E-8	-7.612341E-3
7.630000E-8	-7.209797E-3
7.640000E-8	-7.007669E-3
7.650000E-8	-7.036789E-3
7.660000E-8	-7.250908E-3
7.670000E-8	-7.598637E-3
7.680000E-8	-7.965208E-3
7.690000E-8	-8.302659E-3
7.700000E-8	-8.564741E-3
7.710000E-8	-8.763443E-3
7.720000E-8	-8.871359E-3
7.730000E-8	-8.893627E-3
7.740000E-8	-8.799415E-3
7.750000E-8	-8.539047E-3
7.760000E-8	-8.134790E-3
7.770000E-8	-7.733960E-3
7.780000E-8	-7.357111E-3
7.790000E-8	-7.107020E-3
7.800000E-8	-7.031651E-3
7.810000E-8	-7.153270E-3
7.820000E-8	-7.444472E-3
7.830000E-8	-7.853867E-3
7.840000E-8	-8.225577E-3
7.850000E-8	-8.492797E-3
7.860000E-8	-8.547611E-3
7.870000E-8	-8.403724E-3
7.880000E-8	-8.114235E-3
7.890000E-8	-7.783636E-3
7.900000E-8	-7.499286E-3
7.910000E-8	-7.305723E-3
7.920000E-8	-7.192668E-3
7.930000E-8	-7.093317E-3
7.940000E-8	-7.043641E-3
7.950000E-8	-7.016234E-3
7.960000E-8	-7.065910E-3
7.970000E-8	-7.185816E-3
7.980000E-8	-7.394796E-3
7.990000E-8	-7.689423E-3
8.000000E-8	-7.984051E-3
8.010000E-8	-8.210160E-3
8.020000E-8	-8.288956E-3
8.030000E-8	-8.237567E-3
8.040000E-8	-8.093680E-3
8.050000E-8	-7.865857E-3
8.060000E-8	-7.593498E-3
8.070000E-8	-7.288593E-3
8.080000E-8	-7.047067E-3
8.090000E-8	-6.874059E-3
8.100000E-8	-6.826097E-3
8.110000E-8	-6.896328E-3
8.120000E-8	-7.076187E-3
8.130000E-8	-7.360537E-3
8.140000E-8	-7.716831E-3
8.150000E-8	-8.107383E-3
8.160000E-8	-8.414001E-3
8.170000E-8	-8.569880E-3
8.180000E-8	-8.516778E-3
8.190000E-8	-8.288956E-3
8.200000E-8	-7.970347E-3
8.210000E-8	-7.658590E-3
8.220000E-8	-7.465027E-3
8.230000E-8	-7.321139E-3
8.240000E-8	-7.223501E-3
8.250000E-8	-7.165261E-3
8.260000E-8	-7.141279E-3
8.270000E-8	-7.170400E-3
8.280000E-8	-7.283454E-3
8.290000E-8	-7.502712E-3
8.300000E-8	-7.788774E-3
8.310000E-8	-8.062846E-3
8.320000E-8	-8.258123E-3
8.330000E-8	-8.309511E-3
8.340000E-8	-8.201595E-3
8.350000E-8	-7.980625E-3
8.360000E-8	-7.691136E-3
8.370000E-8	-7.363963E-3
8.380000E-8	-7.088178E-3
8.390000E-8	-6.913457E-3
8.400000E-8	-6.877485E-3
8.410000E-8	-6.966558E-3
8.420000E-8	-7.178964E-3
8.430000E-8	-7.447897E-3
8.440000E-8	-7.704840E-3
8.450000E-8	-7.891551E-3
8.460000E-8	-7.937801E-3
8.470000E-8	-7.864144E-3
8.480000E-8	-7.732247E-3
8.490000E-8	-7.566091E-3
8.500000E-8	-7.427342E-3
8.510000E-8	-7.280028E-3
8.520000E-8	-7.165261E-3
8.530000E-8	-7.041928E-3
8.540000E-8	-6.963133E-3
8.550000E-8	-6.961420E-3
8.560000E-8	-7.059058E-3
8.570000E-8	-7.278315E-3
8.580000E-8	-7.586646E-3
8.590000E-8	-7.862431E-3
8.600000E-8	-8.045717E-3
8.610000E-8	-8.115948E-3
8.620000E-8	-8.098818E-3
8.630000E-8	-8.030300E-3
8.640000E-8	-7.879561E-3
8.650000E-8	-7.692849E-3
8.660000E-8	-7.502712E-3
8.670000E-8	-7.300584E-3
8.680000E-8	-7.139566E-3
8.690000E-8	-7.017947E-3
8.700000E-8	-7.035076E-3
8.710000E-8	-7.166974E-3
8.720000E-8	-7.394796E-3
8.730000E-8	-7.655164E-3
8.740000E-8	-7.855580E-3
8.750000E-8	-7.960069E-3
8.760000E-8	-7.963495E-3
8.770000E-8	-7.917246E-3
8.780000E-8	-7.835024E-3
8.790000E-8	-7.817895E-3
8.800000E-8	-7.814469E-3
8.810000E-8	-7.812756E-3
8.820000E-8	-7.756228E-3
8.830000E-8	-7.624331E-3
8.840000E-8	-7.430768E-3
8.850000E-8	-7.285167E-3
8.860000E-8	-7.254334E-3
8.870000E-8	-7.327991E-3
8.880000E-8	-7.504425E-3
8.890000E-8	-7.697988E-3
8.900000E-8	-7.891551E-3
8.910000E-8	-8.030300E-3
8.920000E-8	-8.085115E-3
8.930000E-8	-8.093680E-3
8.940000E-8	-8.044004E-3
8.950000E-8	-7.946366E-3
8.960000E-8	-7.768219E-3
8.970000E-8	-7.482156E-3
8.980000E-8	-7.172112E-3
8.990000E-8	-6.934012E-3
9.000000E-8	-6.868920E-3
9.010000E-8	-6.964846E-3
9.020000E-8	-7.180677E-3
9.030000E-8	-7.422203E-3
9.040000E-8	-7.622618E-3
9.050000E-8	-7.730534E-3
9.060000E-8	-7.720256E-3
9.070000E-8	-7.667155E-3
9.080000E-8	-7.562665E-3
9.090000E-8	-7.437620E-3
9.100000E-8	-7.310861E-3
9.110000E-8	-7.187529E-3
9.120000E-8	-7.072761E-3
9.130000E-8	-6.937438E-3
9.140000E-8	-6.800402E-3
9.150000E-8	-6.697625E-3
9.160000E-8	-6.678783E-3
9.170000E-8	-6.743875E-3
9.180000E-8	-6.887763E-3
9.190000E-8	-7.043641E-3
9.200000E-8	-7.197807E-3
9.210000E-8	-7.274889E-3
9.220000E-8	-7.280028E-3
9.230000E-8	-7.240630E-3
9.240000E-8	-7.146418E-3
9.250000E-8	-7.029938E-3
9.260000E-8	-6.904892E-3
9.270000E-8	-6.798689E-3
9.280000E-8	-6.726745E-3
9.290000E-8	-6.711329E-3
9.300000E-8	-6.766143E-3
9.310000E-8	-6.862069E-3
9.320000E-8	-7.019660E-3
9.330000E-8	-7.161835E-3
9.340000E-8	-7.281741E-3
9.350000E-8	-7.375954E-3
9.360000E-8	-7.473592E-3
9.370000E-8	-7.548961E-3
9.380000E-8	-7.569517E-3
9.390000E-8	-7.499286E-3
9.400000E-8	-7.312574E-3
9.410000E-8	-7.026512E-3
9.420000E-8	-6.697625E-3
9.430000E-8	-6.408137E-3
9.440000E-8	-6.267675E-3
9.450000E-8	-6.301934E-3
9.460000E-8	-6.497210E-3
9.470000E-8	-6.776421E-3
9.480000E-8	-7.045354E-3
9.490000E-8	-7.269751E-3
9.500000E-8	-7.442759E-3
9.510000E-8	-7.512990E-3
9.520000E-8	-7.536971E-3
9.530000E-8	-7.571230E-3
9.540000E-8	-7.566091E-3
9.550000E-8	-7.538684E-3
9.560000E-8	-7.434194E-3
9.570000E-8	-7.312574E-3
9.580000E-8	-7.187529E-3
9.590000E-8	-7.045354E-3
9.600000E-8	-6.975123E-3
9.610000E-8	-6.934012E-3
9.620000E-8	-6.987114E-3
9.630000E-8	-7.119011E-3
9.640000E-8	-7.266325E-3
9.650000E-8	-7.334843E-3
9.660000E-8	-7.367389E-3
9.670000E-8	-7.314287E-3
9.680000E-8	-7.211510E-3
9.690000E-8	-7.093317E-3
9.700000E-8	-7.004243E-3
9.710000E-8	-6.901466E-3
9.720000E-8	-6.803828E-3
9.730000E-8	-6.721607E-3
9.740000E-8	-6.702764E-3
9.750000E-8	-6.757579E-3
9.760000E-8	-6.887763E-3
9.770000E-8	-6.999105E-3
9.780000E-8	-7.089891E-3
9.790000E-8	-7.081326E-3
9.800000E-8	-6.976836E-3
9.810000E-8	-6.817532E-3
9.820000E-8	-6.697625E-3
9.830000E-8	-6.622255E-3
9.840000E-8	-6.611978E-3
9.850000E-8	-6.663366E-3
9.860000E-8	-6.762717E-3
9.870000E-8	-6.819245E-3
9.880000E-8	-6.841513E-3
9.890000E-8	-6.829522E-3
9.900000E-8	-6.762717E-3
9.910000E-8	-6.709616E-3
9.920000E-8	-6.656514E-3
9.930000E-8	-6.678783E-3
9.940000E-8	-6.772995E-3
9.950000E-8	-6.952855E-3
9.960000E-8	-7.122437E-3
9.970000E-8	-7.233779E-3
9.980000E-8	-7.233779E-3
9.990000E-8	-7.125863E-3
1.000000E-7	-6.928874E-3
1.001000E-7	-6.704477E-3
1.002000E-7	-6.510914E-3
1.003000E-7	-6.408137E-3
1.004000E-7	-6.416701E-3
1.005000E-7	-6.528043E-3
1.006000E-7	-6.641098E-3
1.007000E-7	-6.740449E-3
1.008000E-7	-6.832948E-3
1.009000E-7	-6.863781E-3
1.010000E-7	-6.887763E-3
1.011000E-7	-6.920309E-3
1.012000E-7	-6.916883E-3
1.013000E-7	-6.910031E-3
1.014000E-7	-6.850078E-3
1.015000E-7	-6.774708E-3
1.016000E-7	-6.663366E-3
1.017000E-7	-6.593135E-3
1.018000E-7	-6.603413E-3
1.019000E-7	-6.649663E-3
1.020000E-7	-6.731884E-3
1.021000E-7	-6.747301E-3
1.022000E-7	-6.740449E-3
1.023000E-7	-6.685635E-3
1.024000E-7	-6.646237E-3
1.025000E-7	-6.605126E-3
1.026000E-7	-6.617117E-3
1.027000E-7	-6.666792E-3
1.028000E-7	-6.733597E-3
1.029000E-7	-6.772995E-3
1.030000E-7	-6.754153E-3
1.031000E-7	-6.668505E-3
1.032000E-7	-6.519478E-3
1.033000E-7	-6.401285E-3
1.034000E-7	-6.341332E-3
1.035000E-7	-6.356748E-3
1.036000E-7	-6.457812E-3
1.037000E-7	-6.606839E-3
1.038000E-7	-6.778134E-3
1.039000E-7	-6.899753E-3
1.040000E-7	-6.944290E-3
1.041000E-7	-6.865494E-3
1.042000E-7	-6.738736E-3
1.043000E-7	-6.608552E-3
1.044000E-7	-6.517766E-3
1.045000E-7	-6.445822E-3
1.046000E-7	-6.426979E-3
1.047000E-7	-6.440683E-3
1.048000E-7	-6.457812E-3
1.049000E-7	-6.492071E-3
1.050000E-7	-6.502349E-3
1.051000E-7	-6.531469E-3
1.052000E-7	-6.540034E-3
1.053000E-7	-6.570867E-3
1.054000E-7	-6.608552E-3
1.055000E-7	-6.653089E-3
1.056000E-7	-6.695912E-3
1.057000E-7	-6.714755E-3
1.058000E-7	-6.707903E-3
1.059000E-7	-6.685635E-3
1.060000E-7	-6.656514E-3
1.061000E-7	-6.644524E-3
1.062000E-7	-6.635959E-3
1.063000E-7	-6.625681E-3
1.064000E-7	-6.629107E-3
1.065000E-7	-6.630820E-3
1.066000E-7	-6.644524E-3
1.067000E-7	-6.666792E-3
1.068000E-7	-6.702764E-3
1.069000E-7	-6.731884E-3
1.070000E-7	-6.781560E-3
1.071000E-7	-6.820958E-3
1.072000E-7	-6.814106E-3
1.073000E-7	-6.791838E-3
1.074000E-7	-6.697625E-3
1.075000E-7	-6.581145E-3
1.076000E-7	-6.401285E-3
1.077000E-7	-6.255684E-3
1.078000E-7	-6.163185E-3
1.079000E-7	-6.182027E-3
1.080000E-7	-6.264249E-3
1.081000E-7	-6.402998E-3
1.082000E-7	-6.570867E-3
1.083000E-7	-6.714755E-3
1.084000E-7	-6.851791E-3
1.085000E-7	-6.906605E-3
1.086000E-7	-6.947716E-3
1.087000E-7	-6.954568E-3
1.088000E-7	-6.947716E-3
1.089000E-7	-6.976836E-3
1.090000E-7	-6.990540E-3
1.091000E-7	-7.021373E-3
1.092000E-7	-7.035076E-3
1.093000E-7	-7.023086E-3
1.094000E-7	-6.990540E-3
1.095000E-7	-6.928874E-3
1.096000E-7	-6.910031E-3
1.097000E-7	-6.930587E-3
1.098000E-7	-6.959707E-3
1.099000E-7	-7.014521E-3
1.100000E-7	-7.069335E-3
1.101000E-7	-7.151557E-3
1.102000E-7	-7.244056E-3
1.103000E-7	-7.374241E-3
1.104000E-7	-7.487295E-3
1.105000E-7	-7.547249E-3
1.106000E-7	-7.499286E-3
1.107000E-7	-7.374241E-3
1.108000E-7	-7.182390E-3
1.109000E-7	-7.000817E-3
1.110000E-7	-6.875772E-3
1.111000E-7	-6.831235E-3
1.112000E-7	-6.886050E-3
1.113000E-7	-7.053919E-3
1.114000E-7	-7.252621E-3
1.115000E-7	-7.399935E-3
1.116000E-7	-7.441046E-3
1.117000E-7	-7.382805E-3
1.118000E-7	-7.190955E-3
1.119000E-7	-6.987114E-3
1.120000E-7	-6.802115E-3
1.121000E-7	-6.733597E-3
1.122000E-7	-6.796976E-3
1.123000E-7	-6.944290E-3
1.124000E-7	-7.131002E-3
1.125000E-7	-7.268038E-3
1.126000E-7	-7.286880E-3
1.127000E-7	-7.256047E-3
1.128000E-7	-7.149844E-3
1.129000E-7	-6.997392E-3
1.130000E-7	-6.904892E-3
1.131000E-7	-6.856930E-3
1.132000E-7	-6.880911E-3
1.133000E-7	-6.981975E-3
1.134000E-7	-7.103594E-3
1.135000E-7	-7.208084E-3
1.136000E-7	-7.276602E-3
1.137000E-7	-7.286880E-3
1.138000E-7	-7.240630E-3
1.139000E-7	-7.211510E-3
1.140000E-7	-7.170400E-3
1.141000E-7	-7.125863E-3
1.142000E-7	-7.041928E-3
1.143000E-7	-6.947716E-3
1.144000E-7	-6.892902E-3
1.145000E-7	-6.880911E-3
1.146000E-7	-6.910031E-3
1.147000E-7	-6.957994E-3
1.148000E-7	-6.957994E-3
1.149000E-7	-6.908318E-3
1.150000E-7	-6.795263E-3
1.151000E-7	-6.683922E-3
1.152000E-7	-6.560589E-3
1.153000E-7	-6.507488E-3
1.154000E-7	-6.509201E-3
1.155000E-7	-6.558876E-3
1.156000E-7	-6.613691E-3
1.157000E-7	-6.646237E-3
1.158000E-7	-6.629107E-3
1.159000E-7	-6.615404E-3
1.160000E-7	-6.601700E-3
1.161000E-7	-6.613691E-3
1.162000E-7	-6.637672E-3
1.163000E-7	-6.656514E-3
1.164000E-7	-6.639385E-3
1.165000E-7	-6.570867E-3
1.166000E-7	-6.500636E-3
1.167000E-7	-6.445822E-3
1.168000E-7	-6.440683E-3
1.169000E-7	-6.454386E-3
1.170000E-7	-6.452673E-3
1.171000E-7	-6.476655E-3
1.172000E-7	-6.512627E-3
1.173000E-7	-6.598274E-3
1.174000E-7	-6.702764E-3
1.175000E-7	-6.814106E-3
1.176000E-7	-6.880911E-3
1.177000E-7	-6.904892E-3
1.178000E-7	-6.853504E-3
1.179000E-7	-6.788412E-3
1.180000E-7	-6.718181E-3
1.181000E-7	-6.683922E-3
1.182000E-7	-6.637672E-3
1.183000E-7	-6.634246E-3
1.184000E-7	-6.639385E-3
1.185000E-7	-6.663366E-3
1.186000E-7	-6.680496E-3
1.187000E-7	-6.687348E-3
1.188000E-7	-6.682209E-3
1.189000E-7	-6.661653E-3
1.190000E-7	-6.639385E-3
1.191000E-7	-6.596561E-3
1.192000E-7	-6.550312E-3
1.193000E-7	-6.553737E-3
1.194000E-7	-6.565728E-3
1.195000E-7	-6.594848E-3
1.196000E-7	-6.661653E-3
1.197000E-7	-6.762717E-3
1.198000E-7	-6.892902E-3
1.199000E-7	-6.997392E-3
1.200000E-7	-7.059058E-3
1.201000E-7	-7.043641E-3
1.202000E-7	-6.983688E-3
1.203000E-7	-6.910031E-3
1.204000E-7	-6.841513E-3
1.205000E-7	-6.767856E-3
1.206000E-7	-6.675357E-3
1.207000E-7	-6.526330E-3
1.208000E-7	-6.397859E-3
1.209000E-7	-6.358461E-3
1.210000E-7	-6.457812E-3
1.211000E-7	-6.649663E-3
1.212000E-7	-6.903179E-3
1.213000E-7	-7.069335E-3
1.214000E-7	-7.033364E-3
1.215000E-7	-6.822671E-3
1.216000E-7	-6.507488E-3
1.217000E-7	-6.245406E-3
1.218000E-7	-6.127213E-3
1.219000E-7	-6.229990E-3
1.220000E-7	-6.471516E-3
1.221000E-7	-6.759291E-3
1.222000E-7	-6.987114E-3
1.223000E-7	-7.074474E-3
1.224000E-7	-7.065910E-3
1.225000E-7	-7.007669E-3
1.226000E-7	-6.940864E-3
1.227000E-7	-6.904892E-3
1.228000E-7	-6.906605E-3
1.229000E-7	-6.946003E-3
1.230000E-7	-6.963133E-3
1.231000E-7	-6.940864E-3
1.232000E-7	-6.886050E-3
1.233000E-7	-6.796976E-3
1.234000E-7	-6.707903E-3
1.235000E-7	-6.678783E-3
1.236000E-7	-6.766143E-3
1.237000E-7	-6.901466E-3
1.238000E-7	-7.016234E-3
1.239000E-7	-7.079613E-3
1.240000E-7	-7.040215E-3
1.241000E-7	-6.976836E-3
1.242000E-7	-6.874059E-3
1.243000E-7	-6.803828E-3
1.244000E-7	-6.731884E-3
1.245000E-7	-6.670218E-3
1.246000E-7	-6.581145E-3
1.247000E-7	-6.442396E-3
1.248000E-7	-6.317350E-3
1.249000E-7	-6.252258E-3
1.250000E-7	-6.313924E-3
1.251000E-7	-6.454386E-3
1.252000E-7	-6.625681E-3
1.253000E-7	-6.790125E-3
1.254000E-7	-6.874059E-3
1.255000E-7	-6.858643E-3
1.256000E-7	-6.790125E-3
1.257000E-7	-6.689061E-3
1.258000E-7	-6.605126E-3
1.259000E-7	-6.529756E-3
1.260000E-7	-6.476655E-3
1.261000E-7	-6.432118E-3
1.262000E-7	-6.402998E-3
1.263000E-7	-6.389294E-3
1.264000E-7	-6.375591E-3
1.265000E-7	-6.397859E-3
1.266000E-7	-6.447535E-3
1.267000E-7	-6.495497E-3
1.268000E-7	-6.538321E-3
1.269000E-7	-6.553737E-3
1.270000E-7	-6.500636E-3
1.271000E-7	-6.397859E-3
1.272000E-7	-6.291656E-3
1.273000E-7	-6.173463E-3
1.274000E-7	-6.087815E-3
1.275000E-7	-6.074111E-3
1.276000E-7	-6.113509E-3
1.277000E-7	-6.170037E-3
1.278000E-7	-6.255684E-3
1.279000E-7	-6.346471E-3
1.280000E-7	-6.466377E-3
1.281000E-7	-6.608552E-3
1.282000E-7	-6.725032E-3
1.283000E-7	-6.843226E-3
1.284000E-7	-6.966558E-3
1.285000E-7	-7.040215E-3
1.286000E-7	-7.050493E-3
1.287000E-7	-7.019660E-3
1.288000E-7	-6.957994E-3
1.289000E-7	-6.904892E-3
1.290000E-7	-6.815819E-3
1.291000E-7	-6.762717E-3
1.292000E-7	-6.719894E-3
1.293000E-7	-6.707903E-3
1.294000E-7	-6.733597E-3
1.295000E-7	-6.772995E-3
1.296000E-7	-6.829522E-3
1.297000E-7	-6.855217E-3
1.298000E-7	-6.831235E-3
1.299000E-7	-6.807254E-3
1.300000E-7	-6.743875E-3
1.301000E-7	-6.706190E-3
1.302000E-7	-6.663366E-3
1.303000E-7	-6.630820E-3
1.304000E-7	-6.618830E-3
1.305000E-7	-6.695912E-3
1.306000E-7	-6.790125E-3
1.307000E-7	-6.872346E-3
1.308000E-7	-6.908318E-3
1.309000E-7	-6.832948E-3
1.310000E-7	-6.692486E-3
1.311000E-7	-6.567441E-3
1.312000E-7	-6.476655E-3
1.313000E-7	-6.495497E-3
1.314000E-7	-6.569154E-3
1.315000E-7	-6.634246E-3
1.316000E-7	-6.716468E-3
1.317000E-7	-6.762717E-3
1.318000E-7	-6.802115E-3
1.319000E-7	-6.796976E-3
1.320000E-7	-6.774708E-3
1.321000E-7	-6.779847E-3
1.322000E-7	-6.774708E-3
1.323000E-7	-6.762717E-3
1.324000E-7	-6.689061E-3
1.325000E-7	-6.601700E-3
1.326000E-7	-6.519478E-3
1.327000E-7	-6.505775E-3
1.328000E-7	-6.541747E-3
1.329000E-7	-6.605126E-3
1.330000E-7	-6.680496E-3
1.331000E-7	-6.737023E-3
1.332000E-7	-6.719894E-3
1.333000E-7	-6.666792E-3
1.334000E-7	-6.572580E-3
1.335000E-7	-6.480081E-3
1.336000E-7	-6.430405E-3
1.337000E-7	-6.481794E-3
1.338000E-7	-6.611978E-3
1.339000E-7	-6.759291E-3
1.340000E-7	-6.874059E-3
1.341000E-7	-6.944290E-3
1.342000E-7	-6.903179E-3
1.343000E-7	-6.851791E-3
1.344000E-7	-6.747301E-3
1.345000E-7	-6.651376E-3
1.346000E-7	-6.625681E-3
1.347000E-7	-6.656514E-3
1.348000E-7	-6.694199E-3
1.349000E-7	-6.750727E-3
1.350000E-7	-6.810680E-3
1.351000E-7	-6.841513E-3
1.352000E-7	-6.863781E-3
1.353000E-7	-6.850078E-3
1.354000E-7	-6.824384E-3
1.355000E-7	-6.769569E-3
1.356000E-7	-6.718181E-3
1.357000E-7	-6.683922E-3
1.358000E-7	-6.665079E-3
1.359000E-7	-6.677070E-3
1.360000E-7	-6.671931E-3
1.361000E-7	-6.651376E-3
1.362000E-7	-6.589709E-3
1.363000E-7	-6.500636E-3
1.364000E-7	-6.411563E-3
1.365000E-7	-6.337906E-3
1.366000E-7	-6.327628E-3
1.367000E-7	-6.337906E-3
1.368000E-7	-6.425266E-3
1.369000E-7	-6.533182E-3
1.370000E-7	-6.646237E-3
1.371000E-7	-6.733597E-3
1.372000E-7	-6.781560E-3
1.373000E-7	-6.805541E-3
1.374000E-7	-6.781560E-3
1.375000E-7	-6.754153E-3
1.376000E-7	-6.742162E-3
1.377000E-7	-6.742162E-3
1.378000E-7	-6.743875E-3
1.379000E-7	-6.719894E-3
1.380000E-7	-6.670218E-3
1.381000E-7	-6.635959E-3
1.382000E-7	-6.565728E-3
1.383000E-7	-6.540034E-3
1.384000E-7	-6.514340E-3
1.385000E-7	-6.521191E-3
1.386000E-7	-6.558876E-3
1.387000E-7	-6.581145E-3
1.388000E-7	-6.586284E-3
1.389000E-7	-6.534895E-3
1.390000E-7	-6.473229E-3
1.391000E-7	-6.433831E-3
1.392000E-7	-6.464664E-3
1.393000E-7	-6.529756E-3
1.394000E-7	-6.617117E-3
1.395000E-7	-6.718181E-3
1.396000E-7	-6.749014E-3
1.397000E-7	-6.714755E-3
1.398000E-7	-6.610265E-3
1.399000E-7	-6.497210E-3
1.400000E-7	-6.454386E-3
1.401000E-7	-6.516053E-3
1.402000E-7	-6.632533E-3
1.403000E-7	-6.772995E-3
1.404000E-7	-6.836374E-3
1.405000E-7	-6.757579E-3
1.406000E-7	-6.579432E-3
1.407000E-7	-6.385868E-3
1.408000E-7	-6.276240E-3
1.409000E-7	-6.250545E-3
1.410000E-7	-6.295082E-3
1.411000E-7	-6.336193E-3
1.412000E-7	-6.324202E-3
1.413000E-7	-6.252258E-3
1.414000E-7	-6.135778E-3
1.415000E-7	-6.039852E-3
1.416000E-7	-6.012445E-3
1.417000E-7	-6.089528E-3
1.418000E-7	-6.229990E-3
1.419000E-7	-6.368739E-3
1.420000E-7	-6.440683E-3
1.421000E-7	-6.433831E-3
1.422000E-7	-6.343045E-3
1.423000E-7	-6.229990E-3
1.424000E-7	-6.147768E-3
1.425000E-7	-6.065547E-3
1.426000E-7	-6.027862E-3
1.427000E-7	-6.033001E-3
1.428000E-7	-6.051843E-3
1.429000E-7	-6.058695E-3
1.430000E-7	-6.055269E-3
1.431000E-7	-6.060408E-3
1.432000E-7	-6.086102E-3
1.433000E-7	-6.134065E-3
1.434000E-7	-6.245406E-3
1.435000E-7	-6.334480E-3
1.436000E-7	-6.420127E-3
1.437000E-7	-6.533182E-3
1.438000E-7	-6.615404E-3
1.439000E-7	-6.673644E-3
1.440000E-7	-6.673644E-3
1.441000E-7	-6.601700E-3
1.442000E-7	-6.445822E-3
1.443000E-7	-6.257397E-3
1.444000E-7	-6.072399E-3
1.445000E-7	-5.983325E-3
1.446000E-7	-5.978186E-3
1.447000E-7	-6.024436E-3
1.448000E-7	-6.084389E-3
1.449000E-7	-6.161472E-3
1.450000E-7	-6.214573E-3
1.451000E-7	-6.233416E-3
1.452000E-7	-6.245406E-3
1.453000E-7	-6.248832E-3
1.454000E-7	-6.264249E-3
1.455000E-7	-6.288230E-3
1.456000E-7	-6.334480E-3
1.457000E-7	-6.344758E-3
1.458000E-7	-6.379017E-3
1.459000E-7	-6.409850E-3
1.460000E-7	-6.421840E-3
1.461000E-7	-6.461238E-3
1.462000E-7	-6.440683E-3
1.463000E-7	-6.425266E-3
1.464000E-7	-6.382442E-3
1.465000E-7	-6.322489E-3
1.466000E-7	-6.240268E-3
1.467000E-7	-6.144342E-3
1.468000E-7	-6.027862E-3
1.469000E-7	-5.938788E-3
1.470000E-7	-5.858280E-3
1.471000E-7	-5.781197E-3
1.472000E-7	-5.760642E-3
1.473000E-7	-5.837724E-3
1.474000E-7	-6.029575E-3
1.475000E-7	-6.274527E-3
1.476000E-7	-6.492071E-3
1.477000E-7	-6.627394E-3
1.478000E-7	-6.635959E-3
1.479000E-7	-6.531469E-3
1.480000E-7	-6.367026E-3
1.481000E-7	-6.211147E-3
1.482000E-7	-6.134065E-3
1.483000E-7	-6.089528E-3
1.484000E-7	-6.087815E-3
1.485000E-7	-6.068973E-3
1.486000E-7	-6.038140E-3
1.487000E-7	-5.986751E-3
1.488000E-7	-5.942214E-3
1.489000E-7	-5.880548E-3
1.490000E-7	-5.846289E-3
1.491000E-7	-5.810317E-3
1.492000E-7	-5.800039E-3
1.493000E-7	-5.796614E-3
1.494000E-7	-5.808604E-3
1.495000E-7	-5.805178E-3
1.496000E-7	-5.779484E-3
1.497000E-7	-5.770919E-3
1.498000E-7	-5.784623E-3
1.499000E-7	-5.844576E-3
1.500000E-7	-5.943927E-3
1.501000E-7	-6.062121E-3
1.502000E-7	-6.147768E-3
1.503000E-7	-6.195731E-3
1.504000E-7	-6.190592E-3
1.505000E-7	-6.159759E-3
1.506000E-7	-6.101519E-3
1.507000E-7	-6.065547E-3
1.508000E-7	-6.092954E-3
1.509000E-7	-6.156333E-3
1.510000E-7	-6.206009E-3
1.511000E-7	-6.175176E-3
1.512000E-7	-6.111796E-3
1.513000E-7	-5.986751E-3
1.514000E-7	-5.901104E-3
1.515000E-7	-5.856567E-3
1.516000E-7	-5.885687E-3
1.517000E-7	-5.959344E-3
1.518000E-7	-6.060408E-3
1.519000E-7	-6.118648E-3
1.520000E-7	-6.092954E-3
1.521000E-7	-6.026149E-3
1.522000E-7	-5.931937E-3
1.523000E-7	-5.853141E-3
1.524000E-7	-5.853141E-3
1.525000E-7	-5.890826E-3
1.526000E-7	-5.981612E-3
1.527000E-7	-6.072399E-3
1.528000E-7	-6.108370E-3
1.529000E-7	-6.051843E-3
1.530000E-7	-5.955918E-3
1.531000E-7	-5.824021E-3
1.532000E-7	-5.704114E-3
1.533000E-7	-5.642448E-3
1.534000E-7	-5.651013E-3
1.535000E-7	-5.736660E-3
1.536000E-7	-5.813743E-3
1.537000E-7	-5.851428E-3
1.538000E-7	-5.863419E-3
1.539000E-7	-5.856567E-3
1.540000E-7	-5.890826E-3
1.541000E-7	-5.957631E-3
1.542000E-7	-6.070686E-3
1.543000E-7	-6.128926E-3
1.544000E-7	-6.152907E-3
1.545000E-7	-6.084389E-3
1.546000E-7	-5.961057E-3
1.547000E-7	-5.889113E-3
1.548000E-7	-5.913094E-3
1.549000E-7	-6.029575E-3
1.550000E-7	-6.223138E-3
1.551000E-7	-6.363600E-3
1.552000E-7	-6.349896E-3
1.553000E-7	-6.188879E-3
1.554000E-7	-5.925085E-3
1.555000E-7	-5.630457E-3
1.556000E-7	-5.460875E-3
1.557000E-7	-5.436894E-3
1.558000E-7	-5.541384E-3
1.559000E-7	-5.734947E-3
1.560000E-7	-5.926798E-3
1.561000E-7	-6.046704E-3
1.562000E-7	-6.122074E-3
1.563000E-7	-6.130639E-3
1.564000E-7	-6.101519E-3
1.565000E-7	-6.118648E-3
1.566000E-7	-6.142629E-3
1.567000E-7	-6.146055E-3
1.568000E-7	-6.128926E-3
1.569000E-7	-6.065547E-3
1.570000E-7	-5.993603E-3
1.571000E-7	-5.952492E-3
1.572000E-7	-5.967909E-3
1.573000E-7	-6.044991E-3
1.574000E-7	-6.142629E-3
1.575000E-7	-6.195731E-3
1.576000E-7	-6.216286E-3
1.577000E-7	-6.219712E-3
1.578000E-7	-6.253971E-3
1.579000E-7	-6.305360E-3
1.580000E-7	-6.339619E-3
1.581000E-7	-6.379017E-3
1.582000E-7	-6.373878E-3
1.583000E-7	-6.365313E-3
1.584000E-7	-6.320776E-3
1.585000E-7	-6.223138E-3
1.586000E-7	-6.125500E-3
1.587000E-7	-6.074111E-3
1.588000E-7	-6.065547E-3
1.589000E-7	-6.151194E-3
1.590000E-7	-6.235129E-3
1.591000E-7	-6.283091E-3
1.592000E-7	-6.295082E-3
1.593000E-7	-6.267675E-3
1.594000E-7	-6.175176E-3
1.595000E-7	-6.070686E-3
1.596000E-7	-5.974760E-3
1.597000E-7	-5.902816E-3
1.598000E-7	-5.854854E-3
1.599000E-7	-5.885687E-3
1.600000E-7	-5.945640E-3
1.601000E-7	-6.062121E-3
1.602000E-7	-6.207722E-3
1.603000E-7	-6.351609E-3
1.604000E-7	-6.444109E-3
1.605000E-7	-6.512627E-3
1.606000E-7	-6.505775E-3
1.607000E-7	-6.454386E-3
1.608000E-7	-6.401285E-3
1.609000E-7	-6.351609E-3
1.610000E-7	-6.365313E-3
1.611000E-7	-6.396146E-3
1.612000E-7	-6.495497E-3
1.613000E-7	-6.584571E-3
1.614000E-7	-6.637672E-3
1.615000E-7	-6.663366E-3
1.616000E-7	-6.639385E-3
1.617000E-7	-6.594848E-3
1.618000E-7	-6.495497E-3
1.619000E-7	-6.399572E-3
1.620000E-7	-6.349896E-3
1.621000E-7	-6.307073E-3
1.622000E-7	-6.339619E-3
1.623000E-7	-6.391007E-3
1.624000E-7	-6.456099E-3
1.625000E-7	-6.517766E-3
1.626000E-7	-6.541747E-3
1.627000E-7	-6.516053E-3
1.628000E-7	-6.459525E-3
1.629000E-7	-6.387581E-3
1.630000E-7	-6.344758E-3
1.631000E-7	-6.351609E-3
1.632000E-7	-6.387581E-3
1.633000E-7	-6.432118E-3
1.634000E-7	-6.442396E-3
1.635000E-7	-6.384155E-3
1.636000E-7	-6.281378E-3
1.637000E-7	-6.180314E-3
1.638000E-7	-6.103232E-3
1.639000E-7	-6.128926E-3
1.640000E-7	-6.221425E-3
1.641000E-7	-6.365313E-3
1.642000E-7	-6.493784E-3
1.643000E-7	-6.538321E-3
1.644000E-7	-6.492071E-3
1.645000E-7	-6.358461E-3
1.646000E-7	-6.221425E-3
1.647000E-7	-6.163185E-3
1.648000E-7	-6.163185E-3
1.649000E-7	-6.233416E-3
1.650000E-7	-6.305360E-3
1.651000E-7	-6.325915E-3
1.652000E-7	-6.276240E-3
1.653000E-7	-6.182027E-3
1.654000E-7	-6.060408E-3
1.655000E-7	-5.988464E-3
1.656000E-7	-5.993603E-3
1.657000E-7	-6.055269E-3
1.658000E-7	-6.158046E-3
1.659000E-7	-6.300221E-3
1.660000E-7	-6.392720E-3
1.661000E-7	-6.423553E-3
1.662000E-7	-6.368739E-3
1.663000E-7	-6.288230E-3
1.664000E-7	-6.202583E-3
1.665000E-7	-6.164898E-3
1.666000E-7	-6.149481E-3
1.667000E-7	-6.187166E-3
1.668000E-7	-6.272814E-3
1.669000E-7	-6.360174E-3
1.670000E-7	-6.384155E-3
1.671000E-7	-6.346471E-3
1.672000E-7	-6.269388E-3
1.673000E-7	-6.158046E-3
1.674000E-7	-6.067260E-3
1.675000E-7	-5.974760E-3
1.676000E-7	-5.926798E-3
1.677000E-7	-5.961057E-3
1.678000E-7	-6.027862E-3
1.679000E-7	-6.128926E-3
1.680000E-7	-6.248832E-3
1.681000E-7	-6.379017E-3
1.682000E-7	-6.548599E-3
1.683000E-7	-6.731884E-3
1.684000E-7	-6.839800E-3
1.685000E-7	-6.853504E-3
1.686000E-7	-6.762717E-3
1.687000E-7	-6.605126E-3
1.688000E-7	-6.392720E-3
1.689000E-7	-6.221425E-3
1.690000E-7	-6.091241E-3
1.691000E-7	-6.070686E-3
1.692000E-7	-6.098093E-3
1.693000E-7	-6.125500E-3
1.694000E-7	-6.128926E-3
1.695000E-7	-6.144342E-3
1.696000E-7	-6.200870E-3
1.697000E-7	-6.281378E-3
1.698000E-7	-6.377304E-3
1.699000E-7	-6.517766E-3
1.700000E-7	-6.678783E-3
1.701000E-7	-6.834661E-3
1.702000E-7	-6.930587E-3
1.703000E-7	-6.930587E-3
1.704000E-7	-6.820958E-3
1.705000E-7	-6.656514E-3
1.706000E-7	-6.495497E-3
1.707000E-7	-6.373878E-3
1.708000E-7	-6.300221E-3
1.709000E-7	-6.283091E-3
1.710000E-7	-6.320776E-3
1.711000E-7	-6.385868E-3
1.712000E-7	-6.471516E-3
1.713000E-7	-6.504062E-3
1.714000E-7	-6.545173E-3
1.715000E-7	-6.594848E-3
1.716000E-7	-6.627394E-3
1.717000E-7	-6.670218E-3
1.718000E-7	-6.701051E-3
1.719000E-7	-6.711329E-3
1.720000E-7	-6.685635E-3
1.721000E-7	-6.639385E-3
1.722000E-7	-6.510914E-3
1.723000E-7	-6.336193E-3
1.724000E-7	-6.183740E-3
1.725000E-7	-6.074111E-3
1.726000E-7	-6.079250E-3
1.727000E-7	-6.183740E-3
1.728000E-7	-6.341332E-3
1.729000E-7	-6.438970E-3
1.730000E-7	-6.432118E-3
1.731000E-7	-6.349896E-3
1.732000E-7	-6.229990E-3
1.733000E-7	-6.122074E-3
1.734000E-7	-6.096380E-3
1.735000E-7	-6.128926E-3
1.736000E-7	-6.236842E-3
1.737000E-7	-6.370452E-3
1.738000E-7	-6.483507E-3
1.739000E-7	-6.531469E-3
1.740000E-7	-6.572580E-3
1.741000E-7	-6.565728E-3
1.742000E-7	-6.555450E-3
1.743000E-7	-6.521191E-3
1.744000E-7	-6.498923E-3
1.745000E-7	-6.471516E-3
1.746000E-7	-6.433831E-3
1.747000E-7	-6.392720E-3
1.748000E-7	-6.367026E-3
1.749000E-7	-6.379017E-3
1.750000E-7	-6.397859E-3
1.751000E-7	-6.454386E-3
1.752000E-7	-6.504062E-3
1.753000E-7	-6.543460E-3
1.754000E-7	-6.586284E-3
1.755000E-7	-6.629107E-3
1.756000E-7	-6.637672E-3
1.757000E-7	-6.606839E-3
1.758000E-7	-6.546886E-3
1.759000E-7	-6.447535E-3
1.760000E-7	-6.337906E-3
1.761000E-7	-6.265962E-3
1.762000E-7	-6.264249E-3
1.763000E-7	-6.322489E-3
1.764000E-7	-6.408137E-3
1.765000E-7	-6.476655E-3
1.766000E-7	-6.522904E-3
1.767000E-7	-6.469803E-3
1.768000E-7	-6.355035E-3
1.769000E-7	-6.224851E-3
1.770000E-7	-6.115222E-3
1.771000E-7	-6.050130E-3
1.772000E-7	-6.048417E-3
1.773000E-7	-6.101519E-3
1.774000E-7	-6.175176E-3
1.775000E-7	-6.224851E-3
1.776000E-7	-6.248832E-3
1.777000E-7	-6.257397E-3
1.778000E-7	-6.277953E-3
1.779000E-7	-6.293369E-3
1.780000E-7	-6.295082E-3
1.781000E-7	-6.257397E-3
1.782000E-7	-6.199157E-3
1.783000E-7	-6.115222E-3
1.784000E-7	-6.021010E-3
1.785000E-7	-6.017584E-3
1.786000E-7	-6.063834E-3
1.787000E-7	-6.159759E-3
1.788000E-7	-6.243694E-3
1.789000E-7	-6.243694E-3
1.790000E-7	-6.152907E-3
1.791000E-7	-6.027862E-3
1.792000E-7	-5.897678E-3
1.793000E-7	-5.851428E-3
1.794000E-7	-5.918233E-3
1.795000E-7	-6.055269E-3
1.796000E-7	-6.238555E-3
1.797000E-7	-6.391007E-3
1.798000E-7	-6.444109E-3
1.799000E-7	-6.404711E-3
1.800000E-7	-6.269388E-3
1.801000E-7	-6.139204E-3
1.802000E-7	-6.079250E-3
1.803000E-7	-6.142629E-3
1.804000E-7	-6.291656E-3
1.805000E-7	-6.457812E-3
1.806000E-7	-6.570867E-3
1.807000E-7	-6.552025E-3
1.808000E-7	-6.421840E-3
1.809000E-7	-6.219712E-3
1.810000E-7	-6.044991E-3
1.811000E-7	-5.930224E-3
1.812000E-7	-5.919946E-3
1.813000E-7	-5.967909E-3
1.814000E-7	-6.062121E-3
1.815000E-7	-6.103232E-3
1.816000E-7	-6.122074E-3
1.817000E-7	-6.125500E-3
1.818000E-7	-6.128926E-3
1.819000E-7	-6.180314E-3
1.820000E-7	-6.272814E-3
1.821000E-7	-6.445822E-3
1.822000E-7	-6.617117E-3
1.823000E-7	-6.779847E-3
1.824000E-7	-6.846652E-3
1.825000E-7	-6.812393E-3
1.826000E-7	-6.709616E-3
1.827000E-7	-6.562302E-3
1.828000E-7	-6.483507E-3
1.829000E-7	-6.469803E-3
1.830000E-7	-6.483507E-3
1.831000E-7	-6.486932E-3
1.832000E-7	-6.497210E-3
1.833000E-7	-6.505775E-3
1.834000E-7	-6.464664E-3
1.835000E-7	-6.401285E-3
1.836000E-7	-6.353322E-3
1.837000E-7	-6.281378E-3
1.838000E-7	-6.223138E-3
1.839000E-7	-6.163185E-3
1.840000E-7	-6.144342E-3
1.841000E-7	-6.197444E-3
1.842000E-7	-6.295082E-3
1.843000E-7	-6.411563E-3
1.844000E-7	-6.486932E-3
1.845000E-7	-6.480081E-3
1.846000E-7	-6.373878E-3
1.847000E-7	-6.236842E-3
1.848000E-7	-6.147768E-3
1.849000E-7	-6.120361E-3
1.850000E-7	-6.178601E-3
1.851000E-7	-6.259110E-3
1.852000E-7	-6.356748E-3
1.853000E-7	-6.432118E-3
1.854000E-7	-6.512627E-3
1.855000E-7	-6.611978E-3
1.856000E-7	-6.699338E-3
1.857000E-7	-6.755866E-3
1.858000E-7	-6.730171E-3
1.859000E-7	-6.639385E-3
1.860000E-7	-6.512627E-3
1.861000E-7	-6.380730E-3
1.862000E-7	-6.310499E-3
1.863000E-7	-6.332767E-3
1.864000E-7	-6.435544E-3
1.865000E-7	-6.526330E-3
1.866000E-7	-6.596561E-3
1.867000E-7	-6.555450E-3
1.868000E-7	-6.450960E-3
1.869000E-7	-6.332767E-3
1.870000E-7	-6.233416E-3
1.871000E-7	-6.235129E-3
1.872000E-7	-6.382442E-3
1.873000E-7	-6.570867E-3
1.874000E-7	-6.761004E-3
1.875000E-7	-6.870633E-3
1.876000E-7	-6.877485E-3
1.877000E-7	-6.793550E-3
1.878000E-7	-6.625681E-3
1.879000E-7	-6.411563E-3
1.880000E-7	-6.224851E-3
1.881000E-7	-6.072399E-3
1.882000E-7	-5.990177E-3
1.883000E-7	-5.990177E-3
1.884000E-7	-6.056982E-3
1.885000E-7	-6.161472E-3
1.886000E-7	-6.337906E-3
1.887000E-7	-6.504062E-3
1.888000E-7	-6.620543E-3
1.889000E-7	-6.675357E-3
1.890000E-7	-6.625681E-3
1.891000E-7	-6.483507E-3
1.892000E-7	-6.315637E-3
1.893000E-7	-6.178601E-3
1.894000E-7	-6.175176E-3
1.895000E-7	-6.303647E-3
1.896000E-7	-6.505775E-3
1.897000E-7	-6.697625E-3
1.898000E-7	-6.796976E-3
1.899000E-7	-6.764430E-3
1.900000E-7	-6.615404E-3
1.901000E-7	-6.409850E-3
1.902000E-7	-6.250545E-3
1.903000E-7	-6.123787E-3
1.904000E-7	-6.091241E-3
1.905000E-7	-6.067260E-3
1.906000E-7	-6.056982E-3
1.907000E-7	-6.077537E-3
1.908000E-7	-6.135778E-3
1.909000E-7	-6.219712E-3
1.910000E-7	-6.295082E-3
1.911000E-7	-6.337906E-3
1.912000E-7	-6.348183E-3
1.913000E-7	-6.315637E-3
1.914000E-7	-6.253971E-3
1.915000E-7	-6.212860E-3
1.916000E-7	-6.235129E-3
1.917000E-7	-6.276240E-3
1.918000E-7	-6.341332E-3
1.919000E-7	-6.401285E-3
1.920000E-7	-6.438970E-3
1.921000E-7	-6.440683E-3
1.922000E-7	-6.435544E-3
1.923000E-7	-6.430405E-3
1.924000E-7	-6.432118E-3
1.925000E-7	-6.425266E-3
1.926000E-7	-6.394433E-3
1.927000E-7	-6.344758E-3
1.928000E-7	-6.289943E-3
1.929000E-7	-6.289943E-3
1.930000E-7	-6.305360E-3
1.931000E-7	-6.313924E-3
1.932000E-7	-6.291656E-3
1.933000E-7	-6.257397E-3
1.934000E-7	-6.219712E-3
1.935000E-7	-6.228277E-3
1.936000E-7	-6.240268E-3
1.937000E-7	-6.307073E-3
1.938000E-7	-6.408137E-3
1.939000E-7	-6.488645E-3
1.940000E-7	-6.505775E-3
1.941000E-7	-6.480081E-3
1.942000E-7	-6.418414E-3
1.943000E-7	-6.336193E-3
1.944000E-7	-6.286517E-3
1.945000E-7	-6.262536E-3
1.946000E-7	-6.279665E-3
1.947000E-7	-6.307073E-3
1.948000E-7	-6.370452E-3
1.949000E-7	-6.406424E-3
1.950000E-7	-6.392720E-3
1.951000E-7	-6.361887E-3
1.952000E-7	-6.281378E-3
1.953000E-7	-6.180314E-3
1.954000E-7	-6.072399E-3
1.955000E-7	-6.024436E-3
1.956000E-7	-6.022723E-3
1.957000E-7	-6.072399E-3
1.958000E-7	-6.135778E-3
1.959000E-7	-6.202583E-3
1.960000E-7	-6.259110E-3
1.961000E-7	-6.291656E-3
1.962000E-7	-6.286517E-3
1.963000E-7	-6.286517E-3
1.964000E-7	-6.298508E-3
1.965000E-7	-6.295082E-3
1.966000E-7	-6.286517E-3
1.967000E-7	-6.262536E-3
1.968000E-7	-6.195731E-3
1.969000E-7	-6.087815E-3
1.970000E-7	-5.993603E-3
1.971000E-7	-5.954205E-3
1.972000E-7	-5.957631E-3
1.973000E-7	-6.060408E-3
1.974000E-7	-6.156333E-3
1.975000E-7	-6.209435E-3
1.976000E-7	-6.219712E-3
1.977000E-7	-6.192305E-3
1.978000E-7	-6.139204E-3
1.979000E-7	-6.154620E-3
1.980000E-7	-6.271101E-3
1.981000E-7	-6.406424E-3
1.982000E-7	-6.529756E-3
1.983000E-7	-6.565728E-3
1.984000E-7	-6.510914E-3
1.985000E-7	-6.385868E-3
1.986000E-7	-6.241981E-3
1.987000E-7	-6.164898E-3
1.988000E-7	-6.187166E-3
1.989000E-7	-6.271101E-3
1.990000E-7	-6.384155E-3
1.991000E-7	-6.493784E-3
1.992000E-7	-6.521191E-3
1.993000E-7	-6.449248E-3
1.994000E-7	-6.325915E-3
1.995000E-7	-6.161472E-3
1.996000E-7	-6.048417E-3
1.997000E-7	-5.976473E-3
1.998000E-7	-5.945640E-3
1.999000E-7	-5.967909E-3
2.000000E-7	-5.990177E-3
2.001000E-7	-6.024436E-3
