Study Name	Tungsten_Calibration
Sample Name	2025-04-28
Run Name	spot1
Operator	Angus
Date	4/28/2025
Time	6:32 PM
Sign	NEG
Grating Spacing	05.20um
Channel	3
Number Traces	10000
Files in Batch	1
Batch Number	1
dt	100.000001E-12
time stamp (ms)	6:33:17 PM
	
Time	Amplitude
0.000000E+0	-3.019929E-3
1.000000E-10	-2.990809E-3
2.000000E-10	-3.002800E-3
3.000000E-10	-3.033633E-3
4.000000E-10	-3.079883E-3
5.000000E-10	-3.126132E-3
6.000000E-10	-3.175808E-3
7.000000E-10	-3.198076E-3
8.000000E-10	-3.194650E-3
9.000000E-10	-3.136410E-3
1.000000E-9	-3.074744E-3
1.100000E-9	-2.992522E-3
1.200000E-9	-2.937708E-3
1.300000E-9	-2.894884E-3
1.400000E-9	-2.886319E-3
1.500000E-9	-2.947986E-3
1.600000E-9	-3.061040E-3
1.700000E-9	-3.179234E-3
1.800000E-9	-3.268307E-3
1.900000E-9	-3.292289E-3
2.000000E-9	-3.234048E-3
2.100000E-9	-3.109003E-3
2.200000E-9	-2.951411E-3
2.300000E-9	-2.816088E-3
2.400000E-9	-2.733867E-3
2.500000E-9	-2.706460E-3
2.600000E-9	-2.742432E-3
2.700000E-9	-2.826366E-3
2.800000E-9	-2.939421E-3
2.900000E-9	-3.031920E-3
3.000000E-9	-3.105577E-3
3.100000E-9	-3.139836E-3
3.200000E-9	-3.136410E-3
3.300000E-9	-3.062753E-3
3.400000E-9	-2.990809E-3
3.500000E-9	-2.896597E-3
3.600000E-9	-2.833218E-3
3.700000E-9	-2.810950E-3
3.800000E-9	-2.824653E-3
3.900000E-9	-2.855486E-3
4.000000E-9	-2.896597E-3
4.100000E-9	-2.941134E-3
4.200000E-9	-2.992522E-3
4.300000E-9	-3.049050E-3
4.400000E-9	-3.110716E-3
4.500000E-9	-3.156965E-3
4.600000E-9	-3.163817E-3
4.700000E-9	-3.120994E-3
4.800000E-9	-3.062753E-3
4.900000E-9	-2.966828E-3
5.000000E-9	-2.930856E-3
5.100000E-9	-2.929143E-3
5.200000E-9	-2.958263E-3
5.300000E-9	-3.011365E-3
5.400000E-9	-3.043911E-3
5.500000E-9	-3.026781E-3
5.600000E-9	-2.980532E-3
5.700000E-9	-2.910301E-3
5.800000E-9	-2.876042E-3
5.900000E-9	-2.846922E-3
6.000000E-9	-2.881181E-3
6.100000E-9	-2.932569E-3
6.200000E-9	-2.985670E-3
6.300000E-9	-3.054188E-3
6.400000E-9	-3.095299E-3
6.500000E-9	-3.139836E-3
6.600000E-9	-3.131271E-3
6.700000E-9	-3.117568E-3
6.800000E-9	-3.114142E-3
6.900000E-9	-3.097012E-3
7.000000E-9	-3.074744E-3
7.100000E-9	-3.038772E-3
7.200000E-9	-2.989096E-3
7.300000E-9	-2.905162E-3
7.400000E-9	-2.809237E-3
7.500000E-9	-2.668775E-3
7.600000E-9	-2.560859E-3
7.700000E-9	-2.555720E-3
7.800000E-9	-2.634516E-3
7.900000E-9	-2.797246E-3
8.000000E-9	-2.997661E-3
8.100000E-9	-3.182660E-3
8.200000E-9	-3.285437E-3
8.300000E-9	-3.302566E-3
8.400000E-9	-3.273446E-3
8.500000E-9	-3.186086E-3
8.600000E-9	-3.148401E-3
8.700000E-9	-3.079883E-3
8.800000E-9	-3.035346E-3
8.900000E-9	-3.004513E-3
9.000000E-9	-3.016504E-3
9.100000E-9	-3.026781E-3
9.200000E-9	-3.057614E-3
9.300000E-9	-3.081596E-3
9.400000E-9	-3.120994E-3
9.500000E-9	-3.139836E-3
9.600000E-9	-3.182660E-3
9.700000E-9	-3.252891E-3
9.800000E-9	-3.311131E-3
9.900000E-9	-3.336825E-3
1.000000E-8	-3.341964E-3
1.010000E-8	-3.283724E-3
1.020000E-8	-3.211780E-3
1.030000E-8	-3.139836E-3
1.040000E-8	-3.105577E-3
1.050000E-8	-3.076457E-3
1.060000E-8	-3.081596E-3
1.070000E-8	-3.078170E-3
1.080000E-8	-3.050763E-3
1.090000E-8	-3.018217E-3
1.100000E-8	-2.990809E-3
1.110000E-8	-2.949699E-3
1.120000E-8	-2.906875E-3
1.130000E-8	-2.877755E-3
1.140000E-8	-2.874329E-3
1.150000E-8	-2.910301E-3
1.160000E-8	-2.985670E-3
1.170000E-8	-3.073031E-3
1.180000E-8	-3.168956E-3
1.190000E-8	-3.220345E-3
1.200000E-8	-3.227196E-3
1.210000E-8	-3.187799E-3
1.220000E-8	-3.129558E-3
1.230000E-8	-3.047337E-3
1.240000E-8	-2.995948E-3
1.250000E-8	-2.975393E-3
1.260000E-8	-2.987383E-3
1.270000E-8	-3.007939E-3
1.280000E-8	-2.983958E-3
1.290000E-8	-2.932569E-3
1.300000E-8	-2.848634E-3
1.310000E-8	-2.781829E-3
1.320000E-8	-2.769839E-3
1.330000E-8	-2.824653E-3
1.340000E-8	-2.935995E-3
1.350000E-8	-3.023355E-3
1.360000E-8	-3.103864E-3
1.370000E-8	-3.134697E-3
1.380000E-8	-3.165530E-3
1.390000E-8	-3.165530E-3
1.400000E-8	-3.206641E-3
1.410000E-8	-3.222058E-3
1.420000E-8	-3.213493E-3
1.430000E-8	-3.151827E-3
1.440000E-8	-3.035346E-3
1.450000E-8	-2.908588E-3
1.460000E-8	-2.814375E-3
1.470000E-8	-2.725302E-3
1.480000E-8	-2.670488E-3
1.490000E-8	-2.649932E-3
1.500000E-8	-2.644793E-3
1.510000E-8	-2.673914E-3
1.520000E-8	-2.756135E-3
1.530000E-8	-2.877755E-3
1.540000E-8	-2.980532E-3
1.550000E-8	-3.052476E-3
1.560000E-8	-3.073031E-3
1.570000E-8	-3.031920E-3
1.580000E-8	-2.953124E-3
1.590000E-8	-2.864051E-3
1.600000E-8	-2.788681E-3
1.610000E-8	-2.711598E-3
1.620000E-8	-2.667062E-3
1.630000E-8	-2.625951E-3
1.640000E-8	-2.632803E-3
1.650000E-8	-2.653358E-3
1.660000E-8	-2.691043E-3
1.670000E-8	-2.744144E-3
1.680000E-8	-2.793820E-3
1.690000E-8	-2.834931E-3
1.700000E-8	-2.869190E-3
1.710000E-8	-2.932569E-3
1.720000E-8	-3.011365E-3
1.730000E-8	-3.120994E-3
1.740000E-8	-3.259742E-3
1.750000E-8	-3.343677E-3
1.760000E-8	-3.347103E-3
1.770000E-8	-3.270020E-3
1.780000E-8	-3.138123E-3
1.790000E-8	-2.985670E-3
1.800000E-8	-2.855486E-3
1.810000E-8	-2.762987E-3
1.820000E-8	-2.749283E-3
1.830000E-8	-2.762987E-3
1.840000E-8	-2.824653E-3
1.850000E-8	-2.886319E-3
1.860000E-8	-3.007939E-3
1.870000E-8	-3.134697E-3
1.880000E-8	-3.232335E-3
1.890000E-8	-3.299140E-3
1.900000E-8	-3.311131E-3
1.910000E-8	-3.235761E-3
1.920000E-8	-3.122706E-3
1.930000E-8	-3.014791E-3
1.940000E-8	-2.939421E-3
1.950000E-8	-2.882893E-3
1.960000E-8	-2.840070E-3
1.970000E-8	-2.790394E-3
1.980000E-8	-2.727015E-3
1.990000E-8	-2.660210E-3
2.000000E-8	-2.653358E-3
2.010000E-8	-2.670488E-3
2.020000E-8	-2.754422E-3
2.030000E-8	-2.879468E-3
2.040000E-8	-2.973680E-3
2.050000E-8	-3.014791E-3
2.060000E-8	-2.994235E-3
2.070000E-8	-2.961689E-3
2.080000E-8	-2.946273E-3
2.090000E-8	-3.006226E-3
2.100000E-8	-3.091873E-3
2.110000E-8	-3.177521E-3
2.120000E-8	-3.218632E-3
2.130000E-8	-3.180947E-3
2.140000E-8	-3.083309E-3
2.150000E-8	-2.918865E-3
2.160000E-8	-2.783542E-3
2.170000E-8	-2.675626E-3
2.180000E-8	-2.632803E-3
2.190000E-8	-2.646506E-3
2.200000E-8	-2.685904E-3
2.210000E-8	-2.749283E-3
2.220000E-8	-2.833218E-3
2.230000E-8	-2.891458E-3
2.240000E-8	-2.925717E-3
2.250000E-8	-2.879468E-3
2.260000E-8	-2.814375E-3
2.270000E-8	-2.703034E-3
2.280000E-8	-2.601970E-3
2.290000E-8	-2.530026E-3
2.300000E-8	-2.530026E-3
2.310000E-8	-2.598544E-3
2.320000E-8	-2.685904E-3
2.330000E-8	-2.762987E-3
2.340000E-8	-2.824653E-3
2.350000E-8	-2.833218E-3
2.360000E-8	-2.814375E-3
2.370000E-8	-2.744144E-3
2.380000E-8	-2.668775E-3
2.390000E-8	-2.627664E-3
2.400000E-8	-2.655071E-3
2.410000E-8	-2.780116E-3
2.420000E-8	-3.002800E-3
2.430000E-8	-3.371084E-3
2.440000E-8	-3.965478E-3
2.450000E-8	-4.887045E-3
2.460000E-8	-6.331062E-3
2.470000E-8	-8.463685E-3
2.480000E-8	-1.136714E-2
2.490000E-8	-1.500030E-2
2.500000E-8	-1.924157E-2
2.510000E-8	-2.380829E-2
2.520000E-8	-2.839043E-2
2.530000E-8	-3.262485E-2
2.540000E-8	-3.628542E-2
2.550000E-8	-3.911350E-2
2.560000E-8	-4.095835E-2
2.570000E-8	-4.167093E-2
2.580000E-8	-4.112450E-2
2.590000E-8	-3.939614E-2
2.600000E-8	-3.655607E-2
2.610000E-8	-3.284924E-2
2.620000E-8	-2.865937E-2
2.630000E-8	-2.445579E-2
2.640000E-8	-2.071128E-2
2.650000E-8	-1.787292E-2
2.660000E-8	-1.616853E-2
2.670000E-8	-1.563409E-2
2.680000E-8	-1.622506E-2
2.690000E-8	-1.774274E-2
2.700000E-8	-1.990962E-2
2.710000E-8	-2.244821E-2
2.720000E-8	-2.514611E-2
2.730000E-8	-2.769669E-2
2.740000E-8	-2.990297E-2
2.750000E-8	-3.152856E-2
2.760000E-8	-3.240559E-2
2.770000E-8	-3.245698E-2
2.780000E-8	-3.163476E-2
2.790000E-8	-2.989612E-2
2.800000E-8	-2.736609E-2
2.810000E-8	-2.417829E-2
2.820000E-8	-2.064276E-2
2.830000E-8	-1.711066E-2
2.840000E-8	-1.392800E-2
2.850000E-8	-1.146477E-2
2.860000E-8	-1.000534E-2
2.870000E-8	-9.681592E-3
2.880000E-8	-1.048154E-2
2.890000E-8	-1.221505E-2
2.900000E-8	-1.464743E-2
2.910000E-8	-1.741899E-2
2.920000E-8	-2.022651E-2
2.930000E-8	-2.278909E-2
2.940000E-8	-2.486176E-2
2.950000E-8	-2.623897E-2
2.960000E-8	-2.681452E-2
2.970000E-8	-2.649934E-2
2.980000E-8	-2.532254E-2
2.990000E-8	-2.330297E-2
3.000000E-8	-2.062220E-2
3.010000E-8	-1.746524E-2
3.020000E-8	-1.406332E-2
3.030000E-8	-1.078302E-2
3.040000E-8	-8.006327E-3
3.050000E-8	-6.039860E-3
3.060000E-8	-5.121719E-3
3.070000E-8	-5.306718E-3
3.080000E-8	-6.540042E-3
3.090000E-8	-8.568175E-3
3.100000E-8	-1.116158E-2
3.110000E-8	-1.400337E-2
3.120000E-8	-1.681603E-2
3.130000E-8	-1.931694E-2
3.140000E-8	-2.131424E-2
3.150000E-8	-2.259724E-2
3.160000E-8	-2.302547E-2
3.170000E-8	-2.255270E-2
3.180000E-8	-2.117720E-2
3.190000E-8	-1.897435E-2
3.200000E-8	-1.612057E-2
3.210000E-8	-1.287624E-2
3.220000E-8	-9.512010E-3
3.230000E-8	-6.414996E-3
3.240000E-8	-3.938071E-3
3.250000E-8	-2.391277E-3
3.260000E-8	-1.944197E-3
3.270000E-8	-2.629377E-3
3.280000E-8	-4.347466E-3
3.290000E-8	-6.810688E-3
3.300000E-8	-9.738120E-3
3.310000E-8	-1.279060E-2
3.320000E-8	-1.567863E-2
3.330000E-8	-1.810417E-2
3.340000E-8	-1.980341E-2
3.350000E-8	-2.060850E-2
3.360000E-8	-2.040980E-2
3.370000E-8	-1.923471E-2
3.380000E-8	-1.720144E-2
3.390000E-8	-1.451211E-2
3.400000E-8	-1.143223E-2
3.410000E-8	-8.287251E-3
3.420000E-8	-5.334125E-3
3.430000E-8	-2.850347E-3
3.440000E-8	-1.058602E-3
3.450000E-8	-1.541640E-4
3.460000E-8	-2.809223E-4
3.470000E-8	-1.382349E-3
3.480000E-8	-3.443028E-3
3.490000E-8	-6.185461E-3
3.500000E-8	-9.297891E-3
3.510000E-8	-1.238634E-2
3.520000E-8	-1.513905E-2
3.530000E-8	-1.725626E-2
3.540000E-8	-1.856495E-2
3.550000E-8	-1.893666E-2
3.560000E-8	-1.833542E-2
3.570000E-8	-1.684001E-2
3.580000E-8	-1.453267E-2
3.590000E-8	-1.159667E-2
3.600000E-8	-8.355769E-3
3.610000E-8	-5.090886E-3
3.620000E-8	-2.213130E-3
3.630000E-8	-1.198917E-5
3.640000E-8	1.211057E-3
3.650000E-8	1.402908E-3
3.660000E-8	5.464326E-4
3.670000E-8	-1.205915E-3
3.680000E-8	-3.694832E-3
3.690000E-8	-6.623976E-3
3.700000E-8	-9.669602E-3
3.710000E-8	-1.253879E-2
3.720000E-8	-1.489410E-2
3.730000E-8	-1.649399E-2
3.740000E-8	-1.719630E-2
3.750000E-8	-1.696163E-2
3.760000E-8	-1.582594E-2
3.770000E-8	-1.392114E-2
3.780000E-8	-1.139968E-2
3.790000E-8	-8.528777E-3
3.800000E-8	-5.556808E-3
3.810000E-8	-2.783542E-3
3.820000E-8	-5.018929E-4
3.830000E-8	1.026059E-3
3.840000E-8	1.704387E-3
3.850000E-8	1.437167E-3
3.860000E-8	2.826382E-4
3.870000E-8	-1.690680E-3
3.880000E-8	-4.244689E-3
3.890000E-8	-7.141287E-3
3.900000E-8	-1.007728E-2
3.910000E-8	-1.271351E-2
3.920000E-8	-1.477419E-2
3.930000E-8	-1.601266E-2
3.940000E-8	-1.630900E-2
3.950000E-8	-1.563923E-2
3.960000E-8	-1.411128E-2
3.970000E-8	-1.189472E-2
3.980000E-8	-9.164281E-3
3.990000E-8	-6.262544E-3
4.000000E-8	-3.391640E-3
4.010000E-8	-8.890196E-4
4.020000E-8	1.043188E-3
4.030000E-8	2.189152E-3
4.040000E-8	2.381002E-3
4.050000E-8	1.618739E-3
4.060000E-8	-7.708127E-5
4.070000E-8	-2.475211E-3
4.080000E-8	-5.368384E-3
4.090000E-8	-8.367760E-3
4.100000E-8	-1.115130E-2
4.110000E-8	-1.335758E-2
4.120000E-8	-1.482558E-2
4.130000E-8	-1.544738E-2
4.140000E-8	-1.515275E-2
4.150000E-8	-1.399994E-2
4.160000E-8	-1.212940E-2
4.170000E-8	-9.746684E-3
4.180000E-8	-7.098464E-3
4.190000E-8	-4.378299E-3
4.200000E-8	-1.880818E-3
4.210000E-8	1.233339E-4
4.220000E-8	1.423463E-3
4.230000E-8	1.894524E-3
4.240000E-8	1.474851E-3
4.250000E-8	2.226850E-4
4.260000E-8	-1.726652E-3
4.270000E-8	-4.124782E-3
4.280000E-8	-6.752448E-3
4.290000E-8	-9.327012E-3
4.300000E-8	-1.162922E-2
4.310000E-8	-1.346892E-2
4.320000E-8	-1.466114E-2
4.330000E-8	-1.507396E-2
4.340000E-8	-1.458748E-2
4.350000E-8	-1.319485E-2
4.360000E-8	-1.105538E-2
4.370000E-8	-8.369472E-3
4.380000E-8	-5.490003E-3
4.390000E-8	-2.785255E-3
4.400000E-8	-5.104576E-4
4.410000E-8	1.080873E-3
4.420000E-8	1.877395E-3
4.430000E-8	1.820867E-3
4.440000E-8	8.821708E-4
4.450000E-8	-8.170757E-4
4.460000E-8	-3.124419E-3
4.470000E-8	-5.764075E-3
4.480000E-8	-8.480814E-3
4.490000E-8	-1.095260E-2
4.500000E-8	-1.290708E-2
4.510000E-8	-1.418151E-2
4.520000E-8	-1.465086E-2
4.530000E-8	-1.425003E-2
4.540000E-8	-1.298587E-2
4.550000E-8	-1.106737E-2
4.560000E-8	-8.674378E-3
4.570000E-8	-6.082684E-3
4.580000E-8	-3.583490E-3
4.590000E-8	-1.432025E-3
4.600000E-8	1.952778E-4
4.610000E-8	1.192215E-3
4.620000E-8	1.483416E-3
4.630000E-8	1.077447E-3
4.640000E-8	2.569573E-5
4.650000E-8	-1.596468E-3
4.660000E-8	-3.674276E-3
4.670000E-8	-6.014166E-3
4.680000E-8	-8.400306E-3
4.690000E-8	-1.056547E-2
4.700000E-8	-1.224930E-2
4.710000E-8	-1.323425E-2
4.720000E-8	-1.339184E-2
4.730000E-8	-1.268439E-2
4.740000E-8	-1.125065E-2
4.750000E-8	-9.200253E-3
4.760000E-8	-6.841521E-3
4.770000E-8	-4.337188E-3
4.780000E-8	-1.956187E-3
4.790000E-8	1.079173E-4
4.800000E-8	1.591332E-3
4.810000E-8	2.386141E-3
4.820000E-8	2.353595E-3
4.830000E-8	1.539944E-3
4.840000E-8	3.427384E-6
4.850000E-8	-2.091511E-3
4.860000E-8	-4.479363E-3
4.870000E-8	-6.923743E-3
4.880000E-8	-9.142013E-3
4.890000E-8	-1.092691E-2
4.900000E-8	-1.207972E-2
4.910000E-8	-1.249254E-2
4.920000E-8	-1.213968E-2
4.930000E-8	-1.105195E-2
4.940000E-8	-9.315021E-3
4.950000E-8	-7.134435E-3
4.960000E-8	-4.773990E-3
4.970000E-8	-2.435813E-3
4.980000E-8	-3.528662E-4
4.990000E-8	1.289853E-3
5.000000E-8	2.331327E-3
5.010000E-8	2.706463E-3
5.020000E-8	2.367298E-3
5.030000E-8	1.372074E-3
5.040000E-8	-2.449504E-4
5.050000E-8	-2.291926E-3
5.060000E-8	-4.563297E-3
5.070000E-8	-6.774716E-3
5.080000E-8	-8.674378E-3
5.090000E-8	-1.005159E-2
5.100000E-8	-1.073848E-2
5.110000E-8	-1.064598E-2
5.120000E-8	-9.806638E-3
5.130000E-8	-8.333501E-3
5.140000E-8	-6.408145E-3
5.150000E-8	-4.242976E-3
5.160000E-8	-2.062390E-3
5.170000E-8	-5.995177E-5
5.180000E-8	1.577628E-3
5.190000E-8	2.762990E-3
5.200000E-8	3.357384E-3
5.210000E-8	3.336828E-3
5.220000E-8	2.727018E-3
5.230000E-8	1.543369E-3
5.240000E-8	-1.079144E-4
5.250000E-8	-2.079520E-3
5.260000E-8	-4.160754E-3
5.270000E-8	-6.089536E-3
5.280000E-8	-7.672302E-3
5.290000E-8	-8.703498E-3
5.300000E-8	-9.078634E-3
5.310000E-8	-8.712062E-3
5.320000E-8	-7.733968E-3
5.330000E-8	-6.226572E-3
5.340000E-8	-4.385151E-3
5.350000E-8	-2.315907E-3
5.360000E-8	-2.569410E-4
5.370000E-8	1.611887E-3
5.380000E-8	3.098728E-3
5.390000E-8	4.068258E-3
5.400000E-8	4.424551E-3
5.410000E-8	4.076823E-3
5.420000E-8	3.126135E-3
5.430000E-8	1.688970E-3
5.440000E-8	-7.365537E-5
5.450000E-8	-2.014428E-3
5.460000E-8	-3.872979E-3
5.470000E-8	-5.512272E-3
5.480000E-8	-6.721615E-3
5.490000E-8	-7.382813E-3
5.500000E-8	-7.405082E-3
5.510000E-8	-6.764438E-3
5.520000E-8	-5.532827E-3
5.530000E-8	-3.818164E-3
5.540000E-8	-1.844846E-3
5.550000E-8	1.764353E-4
5.560000E-8	2.031560E-3
5.570000E-8	3.559512E-3
5.580000E-8	4.585569E-3
5.590000E-8	5.053204E-3
5.600000E-8	4.979547E-3
5.610000E-8	4.378302E-3
5.620000E-8	3.258032E-3
5.630000E-8	1.776331E-3
5.640000E-8	1.541803E-5
5.650000E-8	-1.803735E-3
5.660000E-8	-3.497843E-3
5.670000E-8	-4.763713E-3
5.680000E-8	-5.496855E-3
5.690000E-8	-5.599632E-3
5.700000E-8	-5.137136E-3
5.710000E-8	-4.195013E-3
5.720000E-8	-2.853773E-3
5.730000E-8	-1.267582E-3
5.740000E-8	4.265260E-4
5.750000E-8	2.136050E-3
5.760000E-8	3.681131E-3
5.770000E-8	4.883622E-3
5.780000E-8	5.555099E-3
5.790000E-8	5.618478E-3
5.800000E-8	5.065195E-3
5.810000E-8	4.004879E-3
5.820000E-8	2.593408E-3
5.830000E-8	1.008929E-3
5.840000E-8	-5.755497E-4
5.850000E-8	-2.021280E-3
5.860000E-8	-3.270020E-3
5.870000E-8	-4.184735E-3
5.880000E-8	-4.705472E-3
5.890000E-8	-4.750009E-3
5.900000E-8	-4.263531E-3
5.910000E-8	-3.299140E-3
5.920000E-8	-1.928780E-3
5.930000E-8	-3.203202E-4
5.940000E-8	1.315547E-3
5.950000E-8	2.828082E-3
5.960000E-8	4.064832E-3
5.970000E-8	4.895613E-3
5.980000E-8	5.205657E-3
5.990000E-8	4.988112E-3
6.000000E-8	4.234414E-3
6.010000E-8	3.043914E-3
6.020000E-8	1.553647E-3
6.030000E-8	-9.078487E-5
6.040000E-8	-1.716374E-3
6.050000E-8	-3.144975E-3
6.060000E-8	-4.266957E-3
6.070000E-8	-4.981257E-3
6.080000E-8	-5.164543E-3
6.090000E-8	-4.803110E-3
6.100000E-8	-3.924367E-3
6.110000E-8	-2.680765E-3
6.120000E-8	-1.253878E-3
6.130000E-8	2.243979E-4
6.140000E-8	1.575916E-3
6.150000E-8	2.718453E-3
6.160000E-8	3.578354E-3
6.170000E-8	4.119646E-3
6.180000E-8	4.215572E-3
6.190000E-8	3.859278E-3
6.200000E-8	3.014794E-3
6.210000E-8	1.786608E-3
6.220000E-8	2.518051E-4
6.230000E-8	-1.409756E-3
6.240000E-8	-2.992522E-3
6.250000E-8	-4.316633E-3
6.260000E-8	-5.270746E-3
6.270000E-8	-5.762362E-3
6.280000E-8	-5.733242E-3
6.290000E-8	-5.203941E-3
6.300000E-8	-4.246402E-3
6.310000E-8	-3.001087E-3
6.320000E-8	-1.625588E-3
6.330000E-8	-2.278209E-4
6.340000E-8	1.015781E-3
6.350000E-8	1.999014E-3
6.360000E-8	2.596834E-3
6.370000E-8	2.756138E-3
6.380000E-8	2.504334E-3
6.390000E-8	1.810590E-3
6.400000E-8	7.639772E-4
6.410000E-8	-5.430037E-4
6.420000E-8	-2.002437E-3
6.430000E-8	-3.477287E-3
6.440000E-8	-4.837369E-3
6.450000E-8	-5.902824E-3
6.460000E-8	-6.605134E-3
6.470000E-8	-6.812401E-3
6.480000E-8	-6.557171E-3
6.490000E-8	-5.837732E-3
6.500000E-8	-4.767139E-3
6.510000E-8	-3.468722E-3
6.520000E-8	-2.160029E-3
6.530000E-8	-9.609635E-4
6.540000E-8	-1.884097E-5
6.550000E-8	6.252283E-4
6.560000E-8	9.095780E-4
6.570000E-8	8.684672E-4
6.580000E-8	4.350908E-4
6.590000E-8	-2.963389E-4
6.600000E-8	-1.330961E-3
6.610000E-8	-2.571137E-3
6.620000E-8	-3.958626E-3
6.630000E-8	-5.299866E-3
6.640000E-8	-6.421848E-3
6.650000E-8	-7.204666E-3
6.660000E-8	-7.569525E-3
6.670000E-8	-7.504433E-3
6.680000E-8	-7.043649E-3
6.690000E-8	-6.293377E-3
6.700000E-8	-5.351254E-3
6.710000E-8	-4.314920E-3
6.720000E-8	-3.305992E-3
6.730000E-8	-2.389564E-3
6.740000E-8	-1.651282E-3
6.750000E-8	-1.133971E-3
6.760000E-8	-9.386951E-4
6.770000E-8	-1.111703E-3
6.780000E-8	-1.663273E-3
6.790000E-8	-2.519748E-3
6.800000E-8	-3.650295E-3
6.810000E-8	-4.868203E-3
6.820000E-8	-6.056990E-3
6.830000E-8	-7.074482E-3
6.840000E-8	-7.845310E-3
6.850000E-8	-8.297529E-3
6.860000E-8	-8.419148E-3
6.870000E-8	-8.217020E-3
6.880000E-8	-7.716839E-3
6.890000E-8	-6.956289E-3
6.900000E-8	-5.990185E-3
6.910000E-8	-4.928156E-3
6.920000E-8	-3.838720E-3
6.930000E-8	-2.910301E-3
6.940000E-8	-2.271370E-3
6.950000E-8	-2.004150E-3
6.960000E-8	-2.137760E-3
6.970000E-8	-2.643080E-3
6.980000E-8	-3.443028E-3
6.990000E-8	-4.397141E-3
7.000000E-8	-5.406069E-3
7.010000E-8	-6.385876E-3
7.020000E-8	-7.293740E-3
7.030000E-8	-8.044012E-3
7.040000E-8	-8.593869E-3
7.050000E-8	-8.890209E-3
7.060000E-8	-8.886783E-3
7.070000E-8	-8.533916E-3
7.080000E-8	-7.823041E-3
7.090000E-8	-6.853512E-3
7.100000E-8	-5.776066E-3
7.110000E-8	-4.715750E-3
7.120000E-8	-3.797609E-3
7.130000E-8	-3.090160E-3
7.140000E-8	-2.670488E-3
7.150000E-8	-2.538590E-3
7.160000E-8	-2.713311E-3
7.170000E-8	-3.153540E-3
7.180000E-8	-3.874692E-3
7.190000E-8	-4.743157E-3
7.200000E-8	-5.722965E-3
7.210000E-8	-6.637680E-3
7.220000E-8	-7.418785E-3
7.230000E-8	-7.944661E-3
7.240000E-8	-8.203316E-3
7.250000E-8	-8.163918E-3
7.260000E-8	-7.872717E-3
7.270000E-8	-7.295453E-3
7.280000E-8	-6.521199E-3
7.290000E-8	-5.546531E-3
7.300000E-8	-4.508483E-3
7.310000E-8	-3.535527E-3
7.320000E-8	-2.727015E-3
7.330000E-8	-2.201139E-3
7.340000E-8	-1.978456E-3
7.350000E-8	-2.072668E-3
7.360000E-8	-2.427249E-3
7.370000E-8	-2.983958E-3
7.380000E-8	-3.677702E-3
7.390000E-8	-4.467372E-3
7.400000E-8	-5.270746E-3
7.410000E-8	-5.995324E-3
7.420000E-8	-6.588004E-3
7.430000E-8	-6.928881E-3
7.440000E-8	-6.985409E-3
7.450000E-8	-6.730179E-3
7.460000E-8	-6.235137E-3
7.470000E-8	-5.524262E-3
7.480000E-8	-4.671213E-3
7.490000E-8	-3.744507E-3
7.500000E-8	-2.829792E-3
7.510000E-8	-2.017854E-3
7.520000E-8	-1.337813E-3
7.530000E-8	-8.941584E-4
7.540000E-8	-7.622613E-4
7.550000E-8	-9.249915E-4
7.560000E-8	-1.387488E-3
7.570000E-8	-2.043548E-3
7.580000E-8	-2.807524E-3
7.590000E-8	-3.552657E-3
7.600000E-8	-4.165893E-3
7.610000E-8	-4.616399E-3
7.620000E-8	-4.890471E-3
7.630000E-8	-4.974405E-3
7.640000E-8	-4.881906E-3
7.650000E-8	-4.585566E-3
7.660000E-8	-4.105940E-3
7.670000E-8	-3.456732E-3
7.680000E-8	-2.701321E-3
7.690000E-8	-1.903086E-3
7.700000E-8	-1.178508E-3
7.710000E-8	-5.704109E-4
7.720000E-8	-1.318957E-4
7.730000E-8	1.507411E-4
7.740000E-8	2.415274E-4
7.750000E-8	1.250468E-4
7.760000E-8	-1.901360E-4
7.770000E-8	-7.057339E-4
7.780000E-8	-1.384062E-3
7.790000E-8	-2.130908E-3
7.800000E-8	-2.853773E-3
7.810000E-8	-3.384788E-3
7.820000E-8	-3.667425E-3
7.830000E-8	-3.660573E-3
7.840000E-8	-3.383075E-3
7.850000E-8	-2.884606E-3
7.860000E-8	-2.266231E-3
7.870000E-8	-1.605033E-3
7.880000E-8	-9.438340E-4
7.890000E-8	-2.774964E-4
7.900000E-8	3.306008E-4
7.910000E-8	8.256434E-4
7.920000E-8	1.120271E-3
7.930000E-8	1.207631E-3
7.940000E-8	1.056892E-3
7.950000E-8	7.297182E-4
7.960000E-8	2.535181E-4
7.970000E-8	-2.929130E-4
7.980000E-8	-8.598994E-4
7.990000E-8	-1.368646E-3
8.000000E-8	-1.810587E-3
8.010000E-8	-2.103501E-3
8.020000E-8	-2.228547E-3
8.030000E-8	-2.115492E-3
8.040000E-8	-1.790031E-3
8.050000E-8	-1.265869E-3
8.060000E-8	-5.824015E-4
8.070000E-8	1.456022E-4
8.080000E-8	8.256434E-4
8.090000E-8	1.375500E-3
8.100000E-8	1.723229E-3
8.110000E-8	1.894524E-3
8.120000E-8	1.860265E-3
8.130000E-8	1.724942E-3
8.140000E-8	1.524527E-3
8.150000E-8	1.271010E-3
8.160000E-8	9.267075E-4
8.170000E-8	5.173124E-4
8.180000E-8	7.023244E-5
8.190000E-8	-3.854123E-4
8.200000E-8	-7.862426E-4
8.210000E-8	-1.053463E-3
8.220000E-8	-1.145962E-3
8.230000E-8	-1.007213E-3
8.240000E-8	-7.091598E-4
8.250000E-8	-2.843482E-4
8.260000E-8	1.952778E-4
8.270000E-8	6.543484E-4
8.280000E-8	1.058605E-3
8.290000E-8	1.361797E-3
8.300000E-8	1.562212E-3
8.310000E-8	1.647859E-3
8.320000E-8	1.630730E-3
8.330000E-8	1.510823E-3
8.340000E-8	1.245316E-3
8.350000E-8	8.650413E-4
8.360000E-8	3.819893E-4
8.370000E-8	-1.113403E-4
8.380000E-8	-5.943922E-4
8.390000E-8	-9.900836E-4
8.400000E-8	-1.271007E-3
8.410000E-8	-1.413182E-3
8.420000E-8	-1.430312E-3
8.430000E-8	-1.322396E-3
8.440000E-8	-1.103138E-3
8.450000E-8	-7.365670E-4
8.460000E-8	-2.723576E-4
8.470000E-8	2.449533E-4
8.480000E-8	7.074499E-4
8.490000E-8	1.032910E-3
8.500000E-8	1.130549E-3
8.510000E-8	1.036336E-3
8.520000E-8	6.988851E-4
8.530000E-8	2.637958E-4
8.540000E-8	-2.312468E-4
8.550000E-8	-7.314282E-4
8.560000E-8	-1.255591E-3
8.570000E-8	-1.767763E-3
8.580000E-8	-2.252528E-3
8.590000E-8	-2.651645E-3
8.600000E-8	-2.903449E-3
8.610000E-8	-2.975393E-3
8.620000E-8	-2.845209E-3
8.630000E-8	-2.518035E-3
8.640000E-8	-2.101788E-3
8.650000E-8	-1.641005E-3
8.660000E-8	-1.248739E-3
8.670000E-8	-9.472599E-4
8.680000E-8	-8.016591E-4
8.690000E-8	-8.050850E-4
8.700000E-8	-9.455469E-4
8.710000E-8	-1.200777E-3
8.720000E-8	-1.515959E-3
8.730000E-8	-1.858549E-3
8.740000E-8	-2.199426E-3
8.750000E-8	-2.533452E-3
8.760000E-8	-2.874329E-3
8.770000E-8	-3.194650E-3
8.780000E-8	-3.453306E-3
8.790000E-8	-3.640017E-3
8.800000E-8	-3.727378E-3
8.810000E-8	-3.718813E-3
8.820000E-8	-3.643443E-3
8.830000E-8	-3.496130E-3
8.840000E-8	-3.324835E-3
8.850000E-8	-3.085022E-3
8.860000E-8	-2.828079E-3
8.870000E-8	-2.564285E-3
8.880000E-8	-2.377573E-3
8.890000E-8	-2.293639E-3
8.900000E-8	-2.355305E-3
8.910000E-8	-2.548868E-3
8.920000E-8	-2.865764E-3
8.930000E-8	-3.228909E-3
8.940000E-8	-3.583490E-3
8.950000E-8	-3.900386E-3
8.960000E-8	-4.164180E-3
8.970000E-8	-4.383438E-3
8.980000E-8	-4.554733E-3
8.990000E-8	-4.705472E-3
9.000000E-8	-4.772277E-3
9.010000E-8	-4.762000E-3
9.020000E-8	-4.618112E-3
9.030000E-8	-4.373160E-3
9.040000E-8	-4.044274E-3
9.050000E-8	-3.699971E-3
9.060000E-8	-3.395066E-3
9.070000E-8	-3.170669E-3
9.080000E-8	-3.079883E-3
9.090000E-8	-3.122706E-3
9.100000E-8	-3.259742E-3
9.110000E-8	-3.461871E-3
9.120000E-8	-3.713674E-3
9.130000E-8	-4.035709E-3
9.140000E-8	-4.354318E-3
9.150000E-8	-4.648945E-3
9.160000E-8	-4.888758E-3
9.170000E-8	-5.027507E-3
9.180000E-8	-5.080608E-3
9.190000E-8	-5.013803E-3
9.200000E-8	-4.911026E-3
9.210000E-8	-4.753435E-3
9.220000E-8	-4.559872E-3
9.230000E-8	-4.323484E-3
9.240000E-8	-4.099088E-3
9.250000E-8	-3.857562E-3
9.260000E-8	-3.669138E-3
9.270000E-8	-3.533814E-3
9.280000E-8	-3.492704E-3
9.290000E-8	-3.530389E-3
9.300000E-8	-3.650295E-3
9.310000E-8	-3.807886E-3
9.320000E-8	-4.001450E-3
9.330000E-8	-4.218994E-3
9.340000E-8	-4.467372E-3
9.350000E-8	-4.695195E-3
9.360000E-8	-4.899036E-3
9.370000E-8	-5.032646E-3
9.380000E-8	-5.087460E-3
9.390000E-8	-5.020655E-3
9.400000E-8	-4.866490E-3
9.410000E-8	-4.630103E-3
9.420000E-8	-4.368021E-3
9.430000E-8	-4.129921E-3
9.440000E-8	-3.953487E-3
9.450000E-8	-3.825016E-3
9.460000E-8	-3.718813E-3
9.470000E-8	-3.617749E-3
9.480000E-8	-3.547518E-3
9.490000E-8	-3.492704E-3
9.500000E-8	-3.538953E-3
9.510000E-8	-3.652008E-3
9.520000E-8	-3.859275E-3
9.530000E-8	-4.093949E-3
9.540000E-8	-4.326910E-3
9.550000E-8	-4.479363E-3
9.560000E-8	-4.530751E-3
9.570000E-8	-4.532464E-3
9.580000E-8	-4.463946E-3
9.590000E-8	-4.337188E-3
9.600000E-8	-4.145338E-3
9.610000E-8	-3.912376E-3
9.620000E-8	-3.641730E-3
9.630000E-8	-3.335112E-3
9.640000E-8	-3.047337E-3
9.650000E-8	-2.805811E-3
9.660000E-8	-2.661923E-3
9.670000E-8	-2.608821E-3
9.680000E-8	-2.613960E-3
9.690000E-8	-2.696182E-3
9.700000E-8	-2.783542E-3
9.710000E-8	-2.877755E-3
9.720000E-8	-2.983958E-3
9.730000E-8	-3.083309E-3
9.740000E-8	-3.165530E-3
9.750000E-8	-3.201502E-3
9.760000E-8	-3.175808E-3
9.770000E-8	-3.079883E-3
9.780000E-8	-2.924004E-3
9.790000E-8	-2.756135E-3
9.800000E-8	-2.613960E-3
9.810000E-8	-2.475211E-3
9.820000E-8	-2.375860E-3
9.830000E-8	-2.252528E-3
9.840000E-8	-2.124057E-3
9.850000E-8	-1.968178E-3
9.860000E-8	-1.839707E-3
9.870000E-8	-1.774615E-3
9.880000E-8	-1.779754E-3
9.890000E-8	-1.851698E-3
9.900000E-8	-1.973317E-3
9.910000E-8	-2.069242E-3
9.920000E-8	-2.110353E-3
9.930000E-8	-2.125770E-3
9.940000E-8	-2.136047E-3
9.950000E-8	-2.182297E-3
9.960000E-8	-2.225121E-3
9.970000E-8	-2.259380E-3
9.980000E-8	-2.262806E-3
9.990000E-8	-2.182297E-3
1.000000E-7	-2.026418E-3
1.001000E-7	-1.858549E-3
1.002000E-7	-1.700958E-3
1.003000E-7	-1.570774E-3
1.004000E-7	-1.474849E-3
1.005000E-7	-1.366933E-3
1.006000E-7	-1.250452E-3
1.007000E-7	-1.149388E-3
1.008000E-7	-1.109990E-3
1.009000E-7	-1.178508E-3
1.010000E-7	-1.312118E-3
1.011000E-7	-1.529663E-3
1.012000E-7	-1.766050E-3
1.013000E-7	-1.949336E-3
1.014000E-7	-2.058964E-3
1.015000E-7	-2.077807E-3
1.016000E-7	-2.067529E-3
1.017000E-7	-2.036696E-3
1.018000E-7	-1.990446E-3
1.019000E-7	-1.916790E-3
1.020000E-7	-1.815726E-3
1.021000E-7	-1.676977E-3
1.022000E-7	-1.534802E-3
1.023000E-7	-1.360081E-3
1.024000E-7	-1.257304E-3
1.025000E-7	-1.231610E-3
1.026000E-7	-1.281285E-3
1.027000E-7	-1.368646E-3
1.028000E-7	-1.473136E-3
1.029000E-7	-1.565635E-3
1.030000E-7	-1.659847E-3
1.031000E-7	-1.767763E-3
1.032000E-7	-1.872253E-3
1.033000E-7	-1.973317E-3
1.034000E-7	-2.045261E-3
1.035000E-7	-2.053826E-3
1.036000E-7	-2.052113E-3
1.037000E-7	-2.009289E-3
1.038000E-7	-1.992159E-3
1.039000E-7	-1.978456E-3
1.040000E-7	-1.968178E-3
1.041000E-7	-1.976743E-3
1.042000E-7	-1.916790E-3
1.043000E-7	-1.829429E-3
1.044000E-7	-1.747208E-3
1.045000E-7	-1.683828E-3
1.046000E-7	-1.654708E-3
1.047000E-7	-1.688967E-3
1.048000E-7	-1.790031E-3
1.049000E-7	-1.945910E-3
1.050000E-7	-2.129195E-3
1.051000E-7	-2.310768E-3
1.052000E-7	-2.468360E-3
1.053000E-7	-2.612247E-3
1.054000E-7	-2.703034E-3
1.055000E-7	-2.752709E-3
1.056000E-7	-2.744144E-3
1.057000E-7	-2.716737E-3
1.058000E-7	-2.692756E-3
1.059000E-7	-2.639655E-3
1.060000E-7	-2.547155E-3
1.061000E-7	-2.423823E-3
1.062000E-7	-2.321046E-3
1.063000E-7	-2.276509E-3
1.064000E-7	-2.297065E-3
1.065000E-7	-2.392990E-3
1.066000E-7	-2.586553E-3
1.067000E-7	-2.786968E-3
1.068000E-7	-2.995948E-3
1.069000E-7	-3.162104E-3
1.070000E-7	-3.317983E-3
1.071000E-7	-3.451593E-3
1.072000E-7	-3.585203E-3
1.073000E-7	-3.669138E-3
1.074000E-7	-3.705109E-3
1.075000E-7	-3.667425E-3
1.076000E-7	-3.576638E-3
1.077000E-7	-3.496130E-3
1.078000E-7	-3.485852E-3
1.079000E-7	-3.542379E-3
1.080000E-7	-3.624601E-3
1.081000E-7	-3.684554E-3
1.082000E-7	-3.691406E-3
1.083000E-7	-3.641730E-3
1.084000E-7	-3.573212E-3
1.085000E-7	-3.574925E-3
1.086000E-7	-3.684554E-3
1.087000E-7	-3.867840E-3
1.088000E-7	-4.081958E-3
1.089000E-7	-4.249828E-3
1.090000E-7	-4.340614E-3
1.091000E-7	-4.357743E-3
1.092000E-7	-4.326910E-3
1.093000E-7	-4.301216E-3
1.094000E-7	-4.294364E-3
1.095000E-7	-4.301216E-3
1.096000E-7	-4.306355E-3
1.097000E-7	-4.260105E-3
1.098000E-7	-4.207004E-3
1.099000E-7	-4.167606E-3
1.100000E-7	-4.165893E-3
1.101000E-7	-4.205291E-3
1.102000E-7	-4.282374E-3
1.103000E-7	-4.366308E-3
1.104000E-7	-4.395428E-3
1.105000E-7	-4.357743E-3
1.106000E-7	-4.285800E-3
1.107000E-7	-4.196726E-3
1.108000E-7	-4.147051E-3
1.109000E-7	-4.193300E-3
1.110000E-7	-4.344040E-3
1.111000E-7	-4.501631E-3
1.112000E-7	-4.648945E-3
1.113000E-7	-4.719176E-3
1.114000E-7	-4.720889E-3
1.115000E-7	-4.645519E-3
1.116000E-7	-4.529038E-3
1.117000E-7	-4.417697E-3
1.118000E-7	-4.318346E-3
1.119000E-7	-4.227559E-3
1.120000E-7	-4.191587E-3
1.121000E-7	-4.152189E-3
1.122000E-7	-4.123069E-3
1.123000E-7	-4.102514E-3
1.124000E-7	-4.075107E-3
1.125000E-7	-4.069968E-3
1.126000E-7	-4.111079E-3
1.127000E-7	-4.153902E-3
1.128000E-7	-4.239550E-3
1.129000E-7	-4.342327E-3
1.130000E-7	-4.409132E-3
1.131000E-7	-4.434826E-3
1.132000E-7	-4.392002E-3
1.133000E-7	-4.301216E-3
1.134000E-7	-4.205291E-3
1.135000E-7	-4.119643E-3
1.136000E-7	-4.044274E-3
1.137000E-7	-4.022005E-3
1.138000E-7	-4.011728E-3
1.139000E-7	-4.011728E-3
1.140000E-7	-4.020292E-3
1.141000E-7	-4.010015E-3
1.142000E-7	-4.016866E-3
1.143000E-7	-3.982607E-3
1.144000E-7	-3.927793E-3
1.145000E-7	-3.833581E-3
1.146000E-7	-3.751359E-3
1.147000E-7	-3.674276E-3
1.148000E-7	-3.645156E-3
1.149000E-7	-3.674276E-3
1.150000E-7	-3.735943E-3
1.151000E-7	-3.801035E-3
1.152000E-7	-3.813025E-3
1.153000E-7	-3.771915E-3
1.154000E-7	-3.681128E-3
1.155000E-7	-3.540666E-3
1.156000E-7	-3.376223E-3
1.157000E-7	-3.230622E-3
1.158000E-7	-3.105577E-3
1.159000E-7	-3.040485E-3
1.160000E-7	-3.009652E-3
1.161000E-7	-2.983958E-3
1.162000E-7	-2.922291E-3
1.163000E-7	-2.814375E-3
1.164000E-7	-2.704747E-3
1.165000E-7	-2.571137E-3
1.166000E-7	-2.476924E-3
1.167000E-7	-2.403267E-3
1.168000E-7	-2.410119E-3
1.169000E-7	-2.418684E-3
1.170000E-7	-2.466647E-3
1.171000E-7	-2.478637E-3
1.172000E-7	-2.463221E-3
1.173000E-7	-2.413545E-3
1.174000E-7	-2.326185E-3
1.175000E-7	-2.243963E-3
1.176000E-7	-2.160029E-3
1.177000E-7	-2.081233E-3
1.178000E-7	-2.046974E-3
1.179000E-7	-2.022993E-3
1.180000E-7	-2.031557E-3
1.181000E-7	-2.022993E-3
1.182000E-7	-1.980169E-3
1.183000E-7	-1.915077E-3
1.184000E-7	-1.802022E-3
1.185000E-7	-1.668412E-3
1.186000E-7	-1.534802E-3
1.187000E-7	-1.425173E-3
1.188000E-7	-1.348090E-3
1.189000E-7	-1.320683E-3
1.190000E-7	-1.344664E-3
1.191000E-7	-1.396053E-3
1.192000E-7	-1.437164E-3
1.193000E-7	-1.406331E-3
1.194000E-7	-1.334387E-3
1.195000E-7	-1.202489E-3
1.196000E-7	-1.099712E-3
1.197000E-7	-1.031194E-3
1.198000E-7	-1.017491E-3
1.199000E-7	-1.036333E-3
1.200000E-7	-1.046611E-3
1.201000E-7	-1.008926E-3
1.202000E-7	-9.643894E-4
1.203000E-7	-9.147138E-4
1.204000E-7	-8.650383E-4
1.205000E-7	-8.222145E-4
1.206000E-7	-8.085109E-4
1.207000E-7	-7.725390E-4
1.208000E-7	-7.297152E-4
1.209000E-7	-6.389289E-4
1.210000E-7	-6.029569E-4
1.211000E-7	-6.080958E-4
1.212000E-7	-6.457807E-4
1.213000E-7	-6.611972E-4
1.214000E-7	-6.474936E-4
1.215000E-7	-5.498555E-4
1.216000E-7	-4.265231E-4
1.217000E-7	-3.049036E-4
1.218000E-7	-2.483763E-4
1.219000E-7	-2.518022E-4
1.220000E-7	-3.340238E-4
1.221000E-7	-4.196713E-4
1.222000E-7	-4.796245E-4
1.223000E-7	-4.676339E-4
1.224000E-7	-4.282360E-4
1.225000E-7	-3.717087E-4
1.226000E-7	-3.203202E-4
1.227000E-7	-2.963389E-4
1.228000E-7	-3.391626E-4
1.229000E-7	-4.282360E-4
1.230000E-7	-5.327260E-4
1.231000E-7	-6.406418E-4
1.232000E-7	-7.314282E-4
1.233000E-7	-8.050850E-4
1.234000E-7	-8.581865E-4
1.235000E-7	-9.010102E-4
1.236000E-7	-9.044361E-4
1.237000E-7	-8.616124E-4
1.238000E-7	-7.776778E-4
1.239000E-7	-6.851785E-4
1.240000E-7	-6.029569E-4
1.241000E-7	-5.755497E-4
1.242000E-7	-6.166605E-4
1.243000E-7	-7.040210E-4
1.244000E-7	-7.725390E-4
1.245000E-7	-8.564735E-4
1.246000E-7	-9.061491E-4
1.247000E-7	-9.335563E-4
1.248000E-7	-9.404081E-4
1.249000E-7	-9.095750E-4
1.250000E-7	-8.650383E-4
1.251000E-7	-8.187886E-4
1.252000E-7	-7.639742E-4
1.253000E-7	-7.862426E-4
1.254000E-7	-8.479088E-4
1.255000E-7	-9.729541E-4
1.256000E-7	-1.079157E-3
1.257000E-7	-1.149388E-3
1.258000E-7	-1.154527E-3
1.259000E-7	-1.113416E-3
1.260000E-7	-1.096287E-3
1.261000E-7	-1.147675E-3
1.262000E-7	-1.272720E-3
1.263000E-7	-1.416608E-3
1.264000E-7	-1.560496E-3
1.265000E-7	-1.610172E-3
1.266000E-7	-1.593042E-3
1.267000E-7	-1.509108E-3
1.268000E-7	-1.461145E-3
1.269000E-7	-1.426886E-3
1.270000E-7	-1.483413E-3
1.271000E-7	-1.593042E-3
1.272000E-7	-1.759198E-3
1.273000E-7	-1.904799E-3
1.274000E-7	-2.019567E-3
1.275000E-7	-2.106927E-3
1.276000E-7	-2.139473E-3
1.277000E-7	-2.091511E-3
1.278000E-7	-2.029844E-3
1.279000E-7	-1.961326E-3
1.280000E-7	-1.940771E-3
1.281000E-7	-1.981882E-3
1.282000E-7	-2.077807E-3
1.283000E-7	-2.216556E-3
1.284000E-7	-2.365583E-3
1.285000E-7	-2.470072E-3
1.286000E-7	-2.540303E-3
1.287000E-7	-2.559146E-3
1.288000E-7	-2.554007E-3
1.289000E-7	-2.518035E-3
1.290000E-7	-2.476924E-3
1.291000E-7	-2.459795E-3
1.292000E-7	-2.482063E-3
1.293000E-7	-2.542016E-3
1.294000E-7	-2.673914E-3
1.295000E-7	-2.809237E-3
1.296000E-7	-2.947986E-3
1.297000E-7	-3.030207E-3
1.298000E-7	-3.071318E-3
1.299000E-7	-3.062753E-3
1.300000E-7	-3.083309E-3
1.301000E-7	-3.153540E-3
1.302000E-7	-3.288863E-3
1.303000E-7	-3.431037E-3
1.304000E-7	-3.562935E-3
1.305000E-7	-3.631453E-3
1.306000E-7	-3.619462E-3
1.307000E-7	-3.556083E-3
1.308000E-7	-3.511546E-3
1.309000E-7	-3.472148E-3
1.310000E-7	-3.470435E-3
1.311000E-7	-3.477287E-3
1.312000E-7	-3.506407E-3
1.313000E-7	-3.566361E-3
1.314000E-7	-3.652008E-3
1.315000E-7	-3.765063E-3
1.316000E-7	-3.912376E-3
1.317000E-7	-4.047699E-3
1.318000E-7	-4.131634E-3
1.319000E-7	-4.147051E-3
1.320000E-7	-4.100801E-3
1.321000E-7	-4.037422E-3
1.322000E-7	-3.956913E-3
1.323000E-7	-3.886682E-3
1.324000E-7	-3.855849E-3
1.325000E-7	-3.855849E-3
1.326000E-7	-3.895247E-3
1.327000E-7	-3.929506E-3
1.328000E-7	-3.968904E-3
1.329000E-7	-4.025431E-3
1.330000E-7	-4.099088E-3
1.331000E-7	-4.172745E-3
1.332000E-7	-4.218994E-3
1.333000E-7	-4.253253E-3
1.334000E-7	-4.265244E-3
1.335000E-7	-4.249828E-3
1.336000E-7	-4.244689E-3
1.337000E-7	-4.237837E-3
1.338000E-7	-4.278948E-3
1.339000E-7	-4.342327E-3
1.340000E-7	-4.438252E-3
1.341000E-7	-4.537603E-3
1.342000E-7	-4.623251E-3
1.343000E-7	-4.650658E-3
1.344000E-7	-4.612973E-3
1.345000E-7	-4.508483E-3
1.346000E-7	-4.390289E-3
1.347000E-7	-4.284087E-3
1.348000E-7	-4.241263E-3
1.349000E-7	-4.266957E-3
1.350000E-7	-4.350892E-3
1.351000E-7	-4.460520E-3
1.352000E-7	-4.527326E-3
1.353000E-7	-4.532464E-3
1.354000E-7	-4.475937E-3
1.355000E-7	-4.383438E-3
1.356000E-7	-4.278948E-3
1.357000E-7	-4.189874E-3
1.358000E-7	-4.143625E-3
1.359000E-7	-4.128208E-3
1.360000E-7	-4.116217E-3
1.361000E-7	-4.136773E-3
1.362000E-7	-4.131634E-3
1.363000E-7	-4.133347E-3
1.364000E-7	-4.126495E-3
1.365000E-7	-4.078533E-3
1.366000E-7	-4.030570E-3
1.367000E-7	-3.974043E-3
1.368000E-7	-3.943210E-3
1.369000E-7	-3.967191E-3
1.370000E-7	-4.032283E-3
1.371000E-7	-4.093949E-3
1.372000E-7	-4.107653E-3
1.373000E-7	-4.063116E-3
1.374000E-7	-3.962052E-3
1.375000E-7	-3.840433E-3
1.376000E-7	-3.737656E-3
1.377000E-7	-3.696545E-3
1.378000E-7	-3.732517E-3
1.379000E-7	-3.818164E-3
1.380000E-7	-3.878117E-3
1.381000E-7	-3.878117E-3
1.382000E-7	-3.801035E-3
1.383000E-7	-3.691406E-3
1.384000E-7	-3.547518E-3
1.385000E-7	-3.422473E-3
1.386000E-7	-3.365945E-3
1.387000E-7	-3.374510E-3
1.388000E-7	-3.401917E-3
1.389000E-7	-3.413908E-3
1.390000E-7	-3.383075E-3
1.391000E-7	-3.312844E-3
1.392000E-7	-3.216919E-3
1.393000E-7	-3.129558E-3
1.394000E-7	-3.073031E-3
1.395000E-7	-3.038772E-3
1.396000E-7	-3.052476E-3
1.397000E-7	-3.100438E-3
1.398000E-7	-3.131271E-3
1.399000E-7	-3.160391E-3
1.400000E-7	-3.139836E-3
1.401000E-7	-3.052476E-3
1.402000E-7	-2.941134E-3
1.403000E-7	-2.822940E-3
1.404000E-7	-2.752709E-3
1.405000E-7	-2.735580E-3
1.406000E-7	-2.786968E-3
1.407000E-7	-2.824653E-3
1.408000E-7	-2.876042E-3
1.409000E-7	-2.858912E-3
1.410000E-7	-2.824653E-3
1.411000E-7	-2.769839E-3
1.412000E-7	-2.730441E-3
1.413000E-7	-2.737293E-3
1.414000E-7	-2.752709E-3
1.415000E-7	-2.797246E-3
1.416000E-7	-2.807524E-3
1.417000E-7	-2.788681E-3
1.418000E-7	-2.745857E-3
1.419000E-7	-2.682478E-3
1.420000E-7	-2.605396E-3
1.421000E-7	-2.521461E-3
1.422000E-7	-2.439239E-3
1.423000E-7	-2.363870E-3
1.424000E-7	-2.312481E-3
1.425000E-7	-2.250815E-3
1.426000E-7	-2.213130E-3
1.427000E-7	-2.194288E-3
1.428000E-7	-2.194288E-3
1.429000E-7	-2.242250E-3
1.430000E-7	-2.297065E-3
1.431000E-7	-2.375860E-3
1.432000E-7	-2.415258E-3
1.433000E-7	-2.377573E-3
1.434000E-7	-2.266231E-3
1.435000E-7	-2.110353E-3
1.436000E-7	-1.975030E-3
1.437000E-7	-1.897947E-3
1.438000E-7	-1.923641E-3
1.439000E-7	-1.997298E-3
1.440000E-7	-2.101788E-3
1.441000E-7	-2.137760E-3
1.442000E-7	-2.154890E-3
1.443000E-7	-2.149751E-3
1.444000E-7	-2.154890E-3
1.445000E-7	-2.199426E-3
1.446000E-7	-2.283361E-3
1.447000E-7	-2.358731E-3
1.448000E-7	-2.415258E-3
1.449000E-7	-2.416971E-3
1.450000E-7	-2.408406E-3
1.451000E-7	-2.377573E-3
1.452000E-7	-2.319333E-3
1.453000E-7	-2.266231E-3
1.454000E-7	-2.240537E-3
1.455000E-7	-2.254241E-3
1.456000E-7	-2.317620E-3
1.457000E-7	-2.420397E-3
1.458000E-7	-2.548868E-3
1.459000E-7	-2.625951E-3
1.460000E-7	-2.649932E-3
1.461000E-7	-2.574562E-3
1.462000E-7	-2.463221E-3
1.463000E-7	-2.351879E-3
1.464000E-7	-2.315907E-3
1.465000E-7	-2.334749E-3
1.466000E-7	-2.404980E-3
1.467000E-7	-2.499193E-3
1.468000E-7	-2.550581E-3
1.469000E-7	-2.559146E-3
1.470000E-7	-2.547155E-3
1.471000E-7	-2.499193E-3
1.472000E-7	-2.480350E-3
1.473000E-7	-2.490628E-3
1.474000E-7	-2.552294E-3
1.475000E-7	-2.643080E-3
1.476000E-7	-2.776691E-3
1.477000E-7	-2.872616E-3
1.478000E-7	-2.934282E-3
1.479000E-7	-2.898310E-3
1.480000E-7	-2.821227E-3
1.481000E-7	-2.694469E-3
1.482000E-7	-2.586553E-3
1.483000E-7	-2.535165E-3
1.484000E-7	-2.542016E-3
1.485000E-7	-2.601970E-3
1.486000E-7	-2.679052E-3
1.487000E-7	-2.728728E-3
1.488000E-7	-2.733867E-3
1.489000E-7	-2.689330E-3
1.490000E-7	-2.643080E-3
1.491000E-7	-2.643080E-3
1.492000E-7	-2.733867E-3
1.493000E-7	-2.855486E-3
1.494000E-7	-3.001087E-3
1.495000E-7	-3.054188E-3
1.496000E-7	-3.035346E-3
1.497000E-7	-2.908588E-3
1.498000E-7	-2.762987E-3
1.499000E-7	-2.649932E-3
1.500000E-7	-2.607108E-3
1.501000E-7	-2.632803E-3
1.502000E-7	-2.725302E-3
1.503000E-7	-2.860625E-3
1.504000E-7	-2.989096E-3
1.505000E-7	-3.109003E-3
1.506000E-7	-3.194650E-3
1.507000E-7	-3.225483E-3
1.508000E-7	-3.225483E-3
1.509000E-7	-3.192937E-3
1.510000E-7	-3.160391E-3
1.511000E-7	-3.139836E-3
1.512000E-7	-3.146688E-3
1.513000E-7	-3.204928E-3
1.514000E-7	-3.264881E-3
1.515000E-7	-3.305992E-3
1.516000E-7	-3.324835E-3
1.517000E-7	-3.292289E-3
1.518000E-7	-3.239187E-3
1.519000E-7	-3.192937E-3
1.520000E-7	-3.153540E-3
1.521000E-7	-3.144975E-3
1.522000E-7	-3.177521E-3
1.523000E-7	-3.234048E-3
1.524000E-7	-3.283724E-3
1.525000E-7	-3.335112E-3
1.526000E-7	-3.377936E-3
1.527000E-7	-3.372797E-3
1.528000E-7	-3.323122E-3
1.529000E-7	-3.230622E-3
1.530000E-7	-3.187799E-3
1.531000E-7	-3.138123E-3
1.532000E-7	-3.120994E-3
1.533000E-7	-3.136410E-3
1.534000E-7	-3.158678E-3
1.535000E-7	-3.216919E-3
1.536000E-7	-3.292289E-3
1.537000E-7	-3.341964E-3
1.538000E-7	-3.401917E-3
1.539000E-7	-3.417334E-3
1.540000E-7	-3.415621E-3
1.541000E-7	-3.377936E-3
1.542000E-7	-3.314557E-3
1.543000E-7	-3.247752E-3
1.544000E-7	-3.175808E-3
1.545000E-7	-3.114142E-3
1.546000E-7	-3.088447E-3
1.547000E-7	-3.057614E-3
1.548000E-7	-3.083309E-3
1.549000E-7	-3.131271E-3
1.550000E-7	-3.223771E-3
1.551000E-7	-3.294001E-3
1.552000E-7	-3.333399E-3
1.553000E-7	-3.290576E-3
1.554000E-7	-3.170669E-3
1.555000E-7	-3.031920E-3
1.556000E-7	-2.894884E-3
1.557000E-7	-2.838357E-3
1.558000E-7	-2.829792E-3
1.559000E-7	-2.869190E-3
1.560000E-7	-2.908588E-3
1.561000E-7	-2.922291E-3
1.562000E-7	-2.920578E-3
1.563000E-7	-2.870903E-3
1.564000E-7	-2.831505E-3
1.565000E-7	-2.783542E-3
1.566000E-7	-2.752709E-3
1.567000E-7	-2.718450E-3
1.568000E-7	-2.696182E-3
1.569000E-7	-2.685904E-3
1.570000E-7	-2.658497E-3
1.571000E-7	-2.631090E-3
1.572000E-7	-2.571137E-3
1.573000E-7	-2.519748E-3
1.574000E-7	-2.452943E-3
1.575000E-7	-2.403267E-3
1.576000E-7	-2.401554E-3
1.577000E-7	-2.396416E-3
1.578000E-7	-2.399842E-3
1.579000E-7	-2.401554E-3
1.580000E-7	-2.386138E-3
1.581000E-7	-2.410119E-3
1.582000E-7	-2.423823E-3
1.583000E-7	-2.391277E-3
1.584000E-7	-2.327898E-3
1.585000E-7	-2.242250E-3
1.586000E-7	-2.136047E-3
1.587000E-7	-2.041835E-3
1.588000E-7	-2.021280E-3
1.589000E-7	-2.053826E-3
1.590000E-7	-2.124057E-3
1.591000E-7	-2.144612E-3
1.592000E-7	-2.148038E-3
1.593000E-7	-2.108640E-3
1.594000E-7	-2.117205E-3
1.595000E-7	-2.153177E-3
1.596000E-7	-2.250815E-3
1.597000E-7	-2.321046E-3
1.598000E-7	-2.309055E-3
1.599000E-7	-2.219982E-3
1.600000E-7	-2.082946E-3
1.601000E-7	-1.927067E-3
1.602000E-7	-1.834568E-3
1.603000E-7	-1.810587E-3
1.604000E-7	-1.841420E-3
1.605000E-7	-1.913364E-3
1.606000E-7	-2.022993E-3
1.607000E-7	-2.105214E-3
1.608000E-7	-2.132621E-3
1.609000E-7	-2.105214E-3
1.610000E-7	-2.055539E-3
1.611000E-7	-1.973317E-3
1.612000E-7	-1.918503E-3
1.613000E-7	-1.873966E-3
1.614000E-7	-1.891095E-3
1.615000E-7	-1.939058E-3
1.616000E-7	-1.997298E-3
1.617000E-7	-2.012715E-3
1.618000E-7	-2.031557E-3
1.619000E-7	-2.034983E-3
1.620000E-7	-2.053826E-3
1.621000E-7	-2.048687E-3
1.622000E-7	-2.022993E-3
1.623000E-7	-1.956187E-3
1.624000E-7	-1.853410E-3
1.625000E-7	-1.754059E-3
1.626000E-7	-1.721513E-3
1.627000E-7	-1.706097E-3
1.628000E-7	-1.752346E-3
1.629000E-7	-1.814013E-3
1.630000E-7	-1.853410E-3
1.631000E-7	-1.849985E-3
1.632000E-7	-1.793457E-3
1.633000E-7	-1.742069E-3
1.634000E-7	-1.738643E-3
1.635000E-7	-1.779754E-3
1.636000E-7	-1.892808E-3
1.637000E-7	-2.038409E-3
1.638000E-7	-2.180584E-3
1.639000E-7	-2.312481E-3
1.640000E-7	-2.370721E-3
1.641000E-7	-2.346740E-3
1.642000E-7	-2.262806E-3
1.643000E-7	-2.175445E-3
1.644000E-7	-2.117205E-3
1.645000E-7	-2.088085E-3
1.646000E-7	-2.086372E-3
1.647000E-7	-2.081233E-3
1.648000E-7	-2.074381E-3
1.649000E-7	-2.052113E-3
1.650000E-7	-2.046974E-3
1.651000E-7	-2.050400E-3
1.652000E-7	-2.084659E-3
1.653000E-7	-2.089798E-3
1.654000E-7	-2.112066E-3
1.655000E-7	-2.144612E-3
1.656000E-7	-2.175445E-3
1.657000E-7	-2.166880E-3
1.658000E-7	-2.192575E-3
1.659000E-7	-2.235398E-3
1.660000E-7	-2.341601E-3
1.661000E-7	-2.442665E-3
1.662000E-7	-2.577988E-3
1.663000E-7	-2.711598E-3
1.664000E-7	-2.864051E-3
1.665000E-7	-2.963402E-3
1.666000E-7	-3.009652E-3
1.667000E-7	-2.997661E-3
1.668000E-7	-2.925717E-3
1.669000E-7	-2.853773E-3
1.670000E-7	-2.790394E-3
1.671000E-7	-2.797246E-3
1.672000E-7	-2.874329E-3
1.673000E-7	-3.013078E-3
1.674000E-7	-3.146688E-3
1.675000E-7	-3.216919E-3
1.676000E-7	-3.196363E-3
1.677000E-7	-3.090160E-3
1.678000E-7	-2.939421E-3
1.679000E-7	-2.798959E-3
1.680000E-7	-2.713311E-3
1.681000E-7	-2.706460E-3
1.682000E-7	-2.793820E-3
1.683000E-7	-2.939421E-3
1.684000E-7	-3.086735E-3
1.685000E-7	-3.216919E-3
1.686000E-7	-3.321409E-3
1.687000E-7	-3.336825E-3
1.688000E-7	-3.329973E-3
1.689000E-7	-3.242613E-3
1.690000E-7	-3.151827E-3
1.691000E-7	-3.091873E-3
1.692000E-7	-3.079883E-3
1.693000E-7	-3.120994E-3
1.694000E-7	-3.208354E-3
1.695000E-7	-3.352242E-3
1.696000E-7	-3.484139E-3
1.697000E-7	-3.586916E-3
1.698000E-7	-3.628027E-3
1.699000E-7	-3.616036E-3
1.700000E-7	-3.576638E-3
1.701000E-7	-3.513259E-3
1.702000E-7	-3.456732E-3
1.703000E-7	-3.448167E-3
1.704000E-7	-3.496130E-3
1.705000E-7	-3.590342E-3
1.706000E-7	-3.710248E-3
1.707000E-7	-3.780479E-3
1.708000E-7	-3.833581E-3
1.709000E-7	-3.828442E-3
1.710000E-7	-3.801035E-3
1.711000E-7	-3.717100E-3
1.712000E-7	-3.602332E-3
1.713000E-7	-3.472148E-3
1.714000E-7	-3.379649E-3
1.715000E-7	-3.299140E-3
1.716000E-7	-3.287150E-3
1.717000E-7	-3.345390E-3
1.718000E-7	-3.455019E-3
1.719000E-7	-3.568073E-3
1.720000E-7	-3.652008E-3
1.721000E-7	-3.634879E-3
1.722000E-7	-3.564648E-3
1.723000E-7	-3.451593E-3
1.724000E-7	-3.364232E-3
1.725000E-7	-3.335112E-3
1.726000E-7	-3.352242E-3
1.727000E-7	-3.398491E-3
1.728000E-7	-3.482426E-3
1.729000E-7	-3.532102E-3
1.730000E-7	-3.571499E-3
1.731000E-7	-3.585203E-3
1.732000E-7	-3.595481E-3
1.733000E-7	-3.586916E-3
1.734000E-7	-3.602332E-3
1.735000E-7	-3.578351E-3
1.736000E-7	-3.554370E-3
1.737000E-7	-3.502981E-3
1.738000E-7	-3.436176E-3
1.739000E-7	-3.379649E-3
1.740000E-7	-3.357381E-3
1.741000E-7	-3.384788E-3
1.742000E-7	-3.448167E-3
1.743000E-7	-3.509833E-3
1.744000E-7	-3.578351E-3
1.745000E-7	-3.602332E-3
1.746000E-7	-3.597194E-3
1.747000E-7	-3.547518E-3
1.748000E-7	-3.490991E-3
1.749000E-7	-3.441315E-3
1.750000E-7	-3.422473E-3
1.751000E-7	-3.389927E-3
1.752000E-7	-3.357381E-3
1.753000E-7	-3.309418E-3
1.754000E-7	-3.256317E-3
1.755000E-7	-3.198076E-3
1.756000E-7	-3.150114E-3
1.757000E-7	-3.114142E-3
1.758000E-7	-3.088447E-3
1.759000E-7	-3.066179E-3
1.760000E-7	-3.067892E-3
1.761000E-7	-3.061040E-3
1.762000E-7	-3.059327E-3
1.763000E-7	-3.071318E-3
1.764000E-7	-3.074744E-3
1.765000E-7	-3.062753E-3
1.766000E-7	-3.054188E-3
1.767000E-7	-3.040485E-3
1.768000E-7	-3.028494E-3
1.769000E-7	-3.019929E-3
1.770000E-7	-3.031920E-3
1.771000E-7	-3.007939E-3
1.772000E-7	-2.966828E-3
1.773000E-7	-2.913727E-3
1.774000E-7	-2.860625E-3
1.775000E-7	-2.804098E-3
1.776000E-7	-2.778404E-3
1.777000E-7	-2.735580E-3
1.778000E-7	-2.715024E-3
1.779000E-7	-2.701321E-3
1.780000E-7	-2.689330E-3
1.781000E-7	-2.661923E-3
1.782000E-7	-2.689330E-3
1.783000E-7	-2.704747E-3
1.784000E-7	-2.704747E-3
1.785000E-7	-2.649932E-3
1.786000E-7	-2.589979E-3
1.787000E-7	-2.480350E-3
1.788000E-7	-2.384425E-3
1.789000E-7	-2.307342E-3
1.790000E-7	-2.271370E-3
1.791000E-7	-2.237111E-3
1.792000E-7	-2.218269E-3
1.793000E-7	-2.177158E-3
1.794000E-7	-2.127482E-3
1.795000E-7	-2.050400E-3
1.796000E-7	-2.011002E-3
1.797000E-7	-1.980169E-3
1.798000E-7	-1.983595E-3
1.799000E-7	-2.052113E-3
1.800000E-7	-2.127482E-3
1.801000E-7	-2.213130E-3
1.802000E-7	-2.267944E-3
1.803000E-7	-2.314194E-3
1.804000E-7	-2.312481E-3
1.805000E-7	-2.281648E-3
1.806000E-7	-2.262806E-3
1.807000E-7	-2.273083E-3
1.808000E-7	-2.319333E-3
1.809000E-7	-2.357018E-3
1.810000E-7	-2.377573E-3
1.811000E-7	-2.350166E-3
1.812000E-7	-2.257667E-3
1.813000E-7	-2.120631E-3
1.814000E-7	-1.987021E-3
1.815000E-7	-1.894521E-3
1.816000E-7	-1.860262E-3
1.817000E-7	-1.855123E-3
1.818000E-7	-1.873966E-3
1.819000E-7	-1.889382E-3
1.820000E-7	-1.899660E-3
1.821000E-7	-1.932206E-3
1.822000E-7	-1.973317E-3
1.823000E-7	-2.024705E-3
1.824000E-7	-2.084659E-3
1.825000E-7	-2.130908E-3
1.826000E-7	-2.182297E-3
1.827000E-7	-2.225121E-3
1.828000E-7	-2.259380E-3
1.829000E-7	-2.293639E-3
1.830000E-7	-2.305629E-3
1.831000E-7	-2.279935E-3
1.832000E-7	-2.243963E-3
1.833000E-7	-2.165167E-3
1.834000E-7	-2.103501E-3
1.835000E-7	-2.055539E-3
1.836000E-7	-2.091511E-3
1.837000E-7	-2.151464E-3
1.838000E-7	-2.255954E-3
1.839000E-7	-2.374147E-3
1.840000E-7	-2.437526E-3
1.841000E-7	-2.423823E-3
1.842000E-7	-2.331324E-3
1.843000E-7	-2.225121E-3
1.844000E-7	-2.184010E-3
1.845000E-7	-2.233685E-3
1.846000E-7	-2.372434E-3
1.847000E-7	-2.531739E-3
1.848000E-7	-2.670488E-3
1.849000E-7	-2.694469E-3
1.850000E-7	-2.646506E-3
1.851000E-7	-2.547155E-3
1.852000E-7	-2.468360E-3
1.853000E-7	-2.470072E-3
1.854000E-7	-2.632803E-3
1.855000E-7	-2.828079E-3
1.856000E-7	-3.025068E-3
1.857000E-7	-3.129558E-3
1.858000E-7	-3.115855E-3
1.859000E-7	-3.011365E-3
1.860000E-7	-2.872616E-3
1.861000E-7	-2.783542E-3
1.862000E-7	-2.740719E-3
1.863000E-7	-2.773265E-3
1.864000E-7	-2.860625E-3
1.865000E-7	-2.959976E-3
1.866000E-7	-3.038772E-3
1.867000E-7	-3.057614E-3
1.868000E-7	-3.054188E-3
1.869000E-7	-3.042198E-3
1.870000E-7	-3.071318E-3
1.871000E-7	-3.127845E-3
1.872000E-7	-3.237474E-3
1.873000E-7	-3.340251E-3
1.874000E-7	-3.381362E-3
1.875000E-7	-3.304279E-3
1.876000E-7	-3.186086E-3
1.877000E-7	-3.057614E-3
1.878000E-7	-3.030207E-3
1.879000E-7	-3.091873E-3
1.880000E-7	-3.261455E-3
1.881000E-7	-3.449880E-3
1.882000E-7	-3.604045E-3
1.883000E-7	-3.694832E-3
1.884000E-7	-3.682841E-3
1.885000E-7	-3.652008E-3
1.886000E-7	-3.638304E-3
1.887000E-7	-3.624601E-3
1.888000E-7	-3.638304E-3
1.889000E-7	-3.614323E-3
1.890000E-7	-3.578351E-3
1.891000E-7	-3.545805E-3
1.892000E-7	-3.535527E-3
1.893000E-7	-3.525250E-3
1.894000E-7	-3.571499E-3
1.895000E-7	-3.619462E-3
1.896000E-7	-3.687980E-3
1.897000E-7	-3.720526E-3
1.898000E-7	-3.765063E-3
1.899000E-7	-3.778766E-3
1.900000E-7	-3.806174E-3
1.901000E-7	-3.840433E-3
1.902000E-7	-3.903812E-3
1.903000E-7	-3.962052E-3
1.904000E-7	-4.016866E-3
1.905000E-7	-4.030570E-3
1.906000E-7	-4.015153E-3
1.907000E-7	-3.989459E-3
1.908000E-7	-3.968904E-3
1.909000E-7	-3.956913E-3
1.910000E-7	-3.994598E-3
1.911000E-7	-4.068255E-3
1.912000E-7	-4.153902E-3
1.913000E-7	-4.203578E-3
1.914000E-7	-4.205291E-3
1.915000E-7	-4.131634E-3
1.916000E-7	-4.047699E-3
1.917000E-7	-3.948348E-3
1.918000E-7	-3.883256E-3
1.919000E-7	-3.850710E-3
1.920000E-7	-3.886682E-3
1.921000E-7	-3.914089E-3
1.922000E-7	-3.970617E-3
1.923000E-7	-3.977469E-3
1.924000E-7	-3.956913E-3
1.925000E-7	-3.912376E-3
1.926000E-7	-3.862701E-3
1.927000E-7	-3.821590E-3
1.928000E-7	-3.813025E-3
1.929000E-7	-3.835294E-3
1.930000E-7	-3.896960E-3
1.931000E-7	-4.004876E-3
1.932000E-7	-4.099088E-3
1.933000E-7	-4.160754E-3
1.934000E-7	-4.162467E-3
1.935000E-7	-4.090523E-3
1.936000E-7	-3.965478E-3
1.937000E-7	-3.823303E-3
1.938000E-7	-3.717100E-3
1.939000E-7	-3.672563E-3
1.940000E-7	-3.703397E-3
1.941000E-7	-3.758211E-3
1.942000E-7	-3.795896E-3
1.943000E-7	-3.797609E-3
1.944000E-7	-3.763350E-3
1.945000E-7	-3.722239E-3
1.946000E-7	-3.706822E-3
1.947000E-7	-3.705109E-3
1.948000E-7	-3.693119E-3
1.949000E-7	-3.638304E-3
1.950000E-7	-3.538953E-3
1.951000E-7	-3.405343E-3
1.952000E-7	-3.302566E-3
1.953000E-7	-3.232335E-3
1.954000E-7	-3.235761E-3
1.955000E-7	-3.292289E-3
1.956000E-7	-3.359094E-3
1.957000E-7	-3.391640E-3
1.958000E-7	-3.365945E-3
1.959000E-7	-3.287150E-3
1.960000E-7	-3.175808E-3
1.961000E-7	-3.035346E-3
1.962000E-7	-2.935995E-3
1.963000E-7	-2.862338E-3
1.964000E-7	-2.858912E-3
1.965000E-7	-2.882893E-3
1.966000E-7	-2.975393E-3
1.967000E-7	-3.047337E-3
1.968000E-7	-3.127845E-3
1.969000E-7	-3.127845E-3
1.970000E-7	-3.088447E-3
1.971000E-7	-3.004513E-3
1.972000E-7	-2.915440E-3
1.973000E-7	-2.809237E-3
1.974000E-7	-2.721876E-3
1.975000E-7	-2.631090E-3
1.976000E-7	-2.567711E-3
1.977000E-7	-2.476924E-3
1.978000E-7	-2.380999E-3
1.979000E-7	-2.285074E-3
1.980000E-7	-2.223408E-3
1.981000E-7	-2.196000E-3
1.982000E-7	-2.197713E-3
1.983000E-7	-2.223408E-3
1.984000E-7	-2.233685E-3
1.985000E-7	-2.190862E-3
1.986000E-7	-2.118918E-3
1.987000E-7	-2.029844E-3
1.988000E-7	-1.933919E-3
1.989000E-7	-1.889382E-3
1.990000E-7	-1.913364E-3
1.991000E-7	-1.987021E-3
1.992000E-7	-2.082946E-3
1.993000E-7	-2.141186E-3
1.994000E-7	-2.175445E-3
1.995000E-7	-2.098362E-3
1.996000E-7	-2.019567E-3
1.997000E-7	-1.916790E-3
1.998000E-7	-1.853410E-3
1.999000E-7	-1.820864E-3
2.000000E-7	-1.805448E-3
2.001000E-7	-1.798596E-3
